 "Time [s]" "Mass [kg]" "Mass Error [kg]"
0 0.0 11.58508687479834 2.0
1 26.315789473684212 7.397462795304987 2.0
2 52.631578947368425 4.917738492262544 2.0
3 78.94736842105263 2.2278272102291465 2.0
4 105.26315789473685 1.6169780323681997 2.0
5 131.57894736842104 1.3067664580053115 2.0
6 157.89473684210526 1.7563015593254314 2.0
7 184.21052631578945 1.6832689435633312 2.0
8 210.5263157894737 1.0584540740747217 2.0
9 236.84210526315792 1.2000687145532791 2.0
10 263.1578947368421 0.905221408245917 2.0
11 289.4736842105263 2.1443973152009925 2.0
12 315.7894736842105 0.6281489623609791 2.0
13 342.10526315789474 1.5233104084688147 2.0
14 368.4210526315789 0.561339941602337 2.0
15 394.7368421052631 1.9255404499479905 2.0
16 421.0526315789474 1.571245524328885 2.0
17 447.3684210526316 0.8907331592637185 2.0
18 473.68421052631584 1.0747526832179668 2.0
19 500.0 1.0110310896975327 2.0
