1.000000000000000000e+00
1.024999999999999911e+00
1.050624999999999920e+00
1.076890624999999879e+00
1.103812890624999765e+00
1.131408212890624654e+00
1.159693418212890181e+00
1.188685753668212275e+00
1.218402897509917482e+00
1.248862969947665214e+00
1.280084544196356644e+00
1.312086657801265543e+00
1.344888824246297077e+00
1.378511044852454459e+00
1.412973820973765671e+00
1.448298166498109607e+00
1.484505620660562242e+00
1.521618261177076104e+00
1.559658717706502884e+00
1.598650185649165278e+00
1.638616440290394216e+00
1.679581851297653916e+00
1.721571397580095031e+00
1.764610682519597296e+00
1.808725949582587145e+00
1.853944098322151568e+00
1.900292700780205291e+00
1.947800018299710167e+00
1.996495018757202811e+00
2.046407394226132492e+00
2.097567579081785816e+00
2.150006768558830217e+00
2.203756937772800573e+00
2.258850861217120531e+00
2.315322132747548167e+00
2.373205186066236649e+00
2.432535315717892388e+00
2.493348698610839520e+00
2.555682416076110464e+00
2.619574476478013114e+00
2.685063838389963209e+00
2.752190434349711889e+00
2.820995195208454653e+00
2.891520075088665820e+00
2.963808076965882332e+00
3.037903278890029313e+00
3.113850860862279912e+00
3.191697132383836788e+00
3.271489560693432441e+00
3.353276799710767975e+00
3.437108719703537041e+00
3.523036437696124956e+00
3.611112348638527703e+00
3.701390157354490729e+00
3.793924911288352853e+00
3.888773034070561518e+00
3.985992359922325257e+00
4.085642168920383455e+00
4.187783223143392242e+00
4.292477803721976848e+00
4.399789748815026158e+00
4.509784492535401590e+00
4.622529104848786652e+00
4.738092332470006163e+00
4.856544640781756073e+00
4.977958256801299441e+00
5.102407213221331617e+00
5.229967393551864241e+00
5.360716578390660736e+00
5.494734492850426477e+00
5.632102855171686961e+00
5.772905426550978270e+00
5.917228062214752171e+00
6.065158763770120309e+00
6.216787732864372806e+00
6.372207426185982015e+00
6.531512611840630811e+00
6.694800427136645915e+00
6.862170437815061419e+00
7.033724698760437377e+00
7.209567816229447423e+00
7.389807011635182832e+00
7.574552186926061914e+00
7.763915991599212418e+00
7.958013891389192018e+00
8.156964238673921841e+00
8.360888344640768466e+00
8.569910553256786301e+00
8.784158317088206047e+00
9.003762275015409600e+00
9.228856331890794351e+00
9.459577740188063188e+00
9.696067183692763436e+00
9.938468863285081056e+00
1.018693058486720737e+01
1.044160384948888698e+01
1.070264394572610911e+01
1.097021004436926006e+01
1.124446529547849138e+01
1.152557692786545296e+01
1.181371635106208906e+01
1.210905925983863973e+01
1.241178574133460444e+01
1.272208038486796866e+01
1.304013239448966743e+01
1.336613570435190823e+01
1.370028909696070407e+01
1.404279632438472092e+01
1.439386623249433761e+01
1.475371288830669414e+01
1.512255571051436043e+01
1.550061960327721877e+01
1.588813509335914809e+01
1.628533847069312657e+01
1.669247193246045313e+01
1.710978373077196224e+01
1.753752832404126138e+01
1.797596653214229079e+01
1.842536569544584779e+01
1.888599983783199221e+01
1.935814983377779086e+01
1.984210357962223270e+01
2.033815616911278568e+01
2.084661007334060301e+01
2.136777532517411515e+01
2.190196970830346501e+01
2.244951895101105066e+01
2.301075692478632462e+01
2.358602584790597945e+01
2.417567649410362662e+01
2.478006840645621622e+01
2.539957011661762110e+01
2.603455936953305994e+01
2.668542335377138386e+01
2.735255893761566526e+01
2.803637291105605556e+01
2.873728223383245606e+01
2.945571428967826577e+01
3.019210714692021824e+01
3.094690982559322023e+01
3.172058257123304870e+01
3.251359713551386932e+01
3.332643706390171445e+01
3.415959799049925749e+01
3.501358794026173626e+01
3.588892763876827985e+01
3.678615082973748684e+01
3.770580460048092419e+01
3.864844971549294428e+01
3.961466095838026291e+01
4.060502748233976433e+01
4.162015316939825738e+01
4.266065699863320759e+01
4.372717342359903370e+01
4.482035275918900652e+01
4.594086157816872884e+01
4.708938311762294404e+01
4.826661769556351089e+01
4.947328313795259191e+01
5.071011521640140529e+01
5.197786809681143438e+01
5.327731479923171776e+01
5.460924766921250750e+01
5.597447886094281699e+01
5.737384083246638511e+01
5.880818685327803763e+01
6.027839152460998662e+01
6.178535131272523273e+01
6.332998509554335698e+01
6.491323472293193220e+01
6.653606559100522588e+01
6.819946723078035689e+01
6.990445391154986510e+01
7.165206525933859893e+01
7.344336689082206249e+01
7.527945106309260836e+01
7.716143733966991647e+01
7.909047327316166331e+01
8.106773510499070312e+01
8.309442848261546999e+01
8.517178919468085496e+01
8.730108392454786781e+01
8.948361102266156308e+01
9.172070129822809292e+01
9.401371883068378565e+01
9.636406180145087319e+01
9.877316334648713791e+01
1.012424924301493121e+02
1.037735547409030374e+02
1.063678936094256073e+02
1.068997330774727175e+02
1.074342317428600637e+02
1.079714029015743506e+02
1.085112599160822100e+02
1.090538162156626072e+02
1.095990852967409097e+02
1.101470807232246045e+02
1.106978161268407206e+02
1.112513052074749140e+02
1.118075617335122729e+02
1.123665995421798272e+02
1.129284325398907214e+02
1.134930747025901638e+02
1.140605400761031092e+02
1.146308427764836182e+02
1.152039969903660221e+02
1.157800169753178352e+02
1.163589170601944147e+02
1.169407116454953695e+02
1.175254152037228295e+02
1.181130422797414354e+02
1.187036074911401329e+02
1.192971255285958279e+02
1.198936111562387907e+02
1.204930792120199783e+02
1.210955446080800613e+02
1.217010223311204555e+02
1.223095274427760444e+02
1.229210750799899046e+02
1.235356804553898371e+02
1.241533588576667739e+02
1.247741256519550888e+02
1.253979962802148549e+02
1.260249862616159220e+02
1.266551111929239823e+02
1.272883867488885841e+02
1.279248286826330201e+02
1.285644528260461641e+02
1.292072750901763811e+02
1.298533114656272573e+02
1.305025780229553902e+02
1.311550909130701541e+02
1.318108663676354979e+02
1.324699206994736755e+02
1.331322703029710226e+02
1.337979316544858648e+02
1.344669213127582736e+02
1.351392559193220393e+02
1.358149521989186326e+02
1.364940269599132137e+02
1.371764970947127722e+02
1.378623795801863139e+02
1.385516914780872355e+02
1.392444499354776610e+02
1.399406721851550230e+02
1.406403755460807758e+02
1.413435774238111549e+02
1.420502953109301814e+02
1.427605467874848273e+02
1.434743495214222264e+02
1.441917212690293297e+02
1.449126798753744652e+02
1.456372432747513130e+02
1.463654294911250417e+02
1.470972566385806601e+02
1.478327429217735585e+02
1.485719066363824084e+02
1.493147661695643080e+02
1.500613400004121161e+02
1.508116467004141725e+02
1.515657049339162370e+02
1.523235334585858141e+02
1.530851511258787241e+02
1.538505768815080899e+02
1.546198297659156253e+02
1.553929289147451982e+02
1.561698935593188935e+02
1.569507430271154647e+02
1.577354967422510299e+02
1.585241742259622697e+02
1.593167950970920685e+02
1.601133790725775157e+02
1.609139459679403785e+02
1.617185156977800773e+02
1.625271082762689616e+02
1.633397438176502874e+02
1.641564425367385240e+02
1.649772247494221915e+02
1.658021108731692834e+02
1.666311214275351062e+02
1.674642770346727616e+02
1.683015984198461013e+02
1.691431064119453254e+02
1.699888219440050250e+02
1.708387660537250383e+02
1.716929598839936375e+02
1.725514246834135861e+02
1.734141818068306407e+02
1.742812527158647811e+02
1.751526589794440838e+02
1.760284222743412954e+02
1.769085643857129924e+02
1.777931072076415262e+02
1.786820727436797256e+02
1.795754831073980995e+02
1.804733605229350815e+02
1.813757273255497466e+02
1.822826059621774846e+02
1.831940189919883437e+02
1.841099890869482749e+02
1.850305390323829897e+02
1.859556917275448882e+02
1.868854701861826015e+02
1.878198975371134907e+02
1.887589970247990436e+02
1.897027920099230300e+02
1.906513059699726114e+02
1.916045624998224639e+02
1.925625853123215450e+02
1.935253982388831275e+02
1.944930252300775351e+02
1.954654903562278889e+02
1.964428178080090106e+02
1.974250318970490241e+02
1.984121570565342552e+02
1.994042178418169158e+02
2.004012389310259721e+02
2.014032451256810816e+02
2.024102613513094582e+02
2.034223126580659766e+02
2.044394242213562904e+02
2.054616213424630473e+02
2.064889294491753446e+02
2.075213740964211979e+02
2.085589809669032775e+02
2.096017758717377717e+02
2.106497847510964334e+02
2.117030336748518948e+02
2.127615488432261373e+02
2.138253565874422577e+02
2.148944833703794473e+02
2.159689557872313230e+02
2.170488005661674435e+02
2.181340445689982630e+02
2.192247147918432404e+02
2.203208383658024445e+02
2.214224425576314275e+02
2.225295547704195656e+02
2.236422025442716404e+02
2.247604135569929724e+02
2.258842156247779087e+02
2.270136367029017777e+02
2.281487048864162546e+02
2.292894484108483084e+02
2.304358956529025306e+02
2.315880751311670167e+02
2.327460155068228289e+02
2.339097455843569264e+02
2.350792943122786767e+02
2.362546907838400330e+02
2.374359642377592081e+02
2.386231440589479860e+02
2.398162597792426993e+02
2.410153410781388743e+02
2.422204177835295411e+02
2.434315198724471543e+02
2.446486774718093500e+02
2.458719208591683696e+02
2.471012804634641782e+02
2.483367868657814768e+02
2.495784708001103525e+02
2.508263631541108793e+02
2.520804949698814141e+02
2.533408974447307855e+02
2.546076019319544059e+02
2.558806399416141630e+02
2.571600431413222054e+02
2.584458433570287639e+02
2.597380725738138949e+02
2.610367629366829192e+02
2.623419467513663221e+02
2.636536564851231219e+02
2.649719247675487281e+02
2.662967843913864385e+02
2.676282683133433693e+02
2.689664096549100805e+02
2.703112417031845780e+02
2.716627979117004656e+02
2.730211119012589620e+02
2.743862174607652378e+02
2.757581485480690162e+02
2.771369392908093232e+02
2.785226239872633300e+02
2.799152371071996299e+02
2.813148132927356073e+02
2.827213873591992410e+02
2.841349942959952273e+02
2.855556692674751957e+02
2.869834476138125297e+02
2.884183648518815630e+02
2.898604566761409274e+02
2.913097589595216164e+02
2.927663077543192003e+02
2.942301392930907582e+02
2.957012899895561873e+02
2.971797964395039457e+02
2.986656954217014572e+02
3.001590238988099486e+02
3.016598190183039492e+02
3.031681181133954510e+02
3.046839587039623893e+02
3.062073784974821820e+02
3.077384153899695320e+02
3.092771074669193467e+02
3.108234930042539190e+02
3.123776104692751687e+02
3.139394985216214877e+02
3.155091960142295875e+02
3.170867419943007235e+02
3.186721757042722061e+02
3.202655365827935157e+02
3.218668642657074770e+02
3.234761985870359808e+02
3.250935795799711059e+02
3.267190474778709017e+02
3.283526427152602309e+02
3.299944059288364997e+02
3.316443779584806748e+02
3.333025998482730188e+02
3.349691128475143387e+02
3.366439584117518962e+02
3.383271782038106039e+02
3.400188140948296223e+02
3.417189081653037306e+02
3.434275027061302126e+02
3.451446402196608005e+02
3.468703634207590767e+02
3.486047152378628198e+02
3.503477388140520929e+02
3.520994775081223338e+02
3.538599748956629014e+02
3.556292747701411940e+02
3.574074211439918827e+02
3.591944582497118290e+02
3.609904305409603467e+02
3.627953826936650898e+02
3.646093596071333991e+02
3.664324064051690470e+02
3.682645684371948391e+02
3.701058912793807849e+02
3.719564207357776695e+02
3.738162028394565368e+02
3.756852838536538002e+02
3.775637102729220373e+02
3.794515288242865836e+02
3.813487864684079796e+02
3.832555304007499899e+02
3.851718080527537040e+02
3.870976670930174350e+02
3.890331554284824733e+02
3.909783212056248658e+02
3.929332128116529361e+02
3.948978788757111715e+02
3.968723682700896802e+02
3.988567301114400721e+02
4.008510137619972511e+02
4.028552688308071765e+02
4.048695451749611607e+02
4.068938929008359082e+02
4.089283623653400355e+02
4.109730041771666720e+02
4.130278691980524854e+02
4.150930085440427320e+02
4.171684735867629001e+02
4.192543159546966649e+02
4.213505875344700939e+02
4.234573404721423913e+02
4.255746271745030640e+02
4.277025003103755125e+02
4.298410128119273281e+02
4.319902178759869003e+02
4.341501689653667881e+02
4.363209198101935726e+02
4.385025244092444723e+02
4.406950370312906671e+02
4.428985122164470454e+02
4.451130047775292269e+02
4.473385698014168383e+02
4.495752626504238947e+02
4.518231389636759445e+02
4.540822546584942643e+02
4.563526659317867029e+02
4.586344292614455753e+02
4.609276014077527748e+02
4.632322394147914792e+02
4.655484006118653610e+02
4.678761426149246176e+02
4.702155233279991648e+02
4.725666009446391058e+02
4.749294339493622488e+02
4.773040811191090143e+02
4.796906015247045048e+02
4.820890545323279639e+02
4.844994998049895685e+02
4.869219973040144396e+02
4.893566072905344413e+02
4.918033903269870848e+02
4.942624072786219926e+02
4.967337193150150370e+02
4.992173879115900377e+02
5.017134748511479074e+02
5.042220422254035839e+02
5.067431524365305222e+02
5.092768681987131458e+02
5.118232525397066297e+02
5.143823688024051535e+02
5.169542806464171463e+02
5.195390520496491717e+02
5.221367473098973733e+02
5.247474310464467635e+02
5.273711682016789837e+02
5.300080240426873388e+02
5.326580641629007005e+02
5.353213544837151403e+02
5.379979612561336353e+02
5.406879510624142995e+02
5.433913908177263465e+02
5.461083477718149197e+02
5.488388895106738801e+02
5.515830839582272347e+02
5.543409993780182958e+02
5.571127043749082759e+02
5.598982678967827269e+02
5.626977592362666201e+02
5.655112480324478383e+02
5.683388042726099911e+02
5.711804982939729598e+02
5.740364007854427655e+02
5.769065827893699634e+02
5.797911157033167910e+02
5.826900712818332977e+02
5.856035216382424551e+02
5.885315392464335673e+02
5.914741969426656851e+02
5.944315679273789783e+02
5.974037257670157715e+02
6.003907443958507884e+02
6.033926981178299229e+02
6.064096616084190146e+02
6.094417099164610363e+02
6.124889184660432875e+02
6.155513630583734539e+02
6.186291198736652177e+02
6.217222654730335307e+02
6.248308768003986415e+02
6.279550311844005819e+02
6.310948063403225206e+02
6.342502803720241218e+02
6.374215317738842259e+02
6.406086394327535345e+02
6.438116826299171862e+02
6.470307410430666550e+02
6.502658947482818803e+02
6.535172242220231738e+02
6.567848103431332447e+02
6.600687343948488888e+02
6.633690780668230218e+02
6.666859234571570596e+02
6.700193530744427335e+02
6.733694498398148198e+02
6.767362970890138740e+02
6.801199785744588553e+02
6.835205784673311200e+02
6.869381813596677375e+02
6.903728722664659472e+02
6.938247366277981882e+02
6.972938603109371343e+02
7.007803296124917551e+02
7.042842312605541792e+02
7.078056524168569013e+02
7.113446806789411312e+02
7.149014040823357163e+02
7.184759111027473182e+02
7.220682906582609348e+02
7.256786321115521332e+02
7.293070252721098541e+02
7.329535603984703585e+02
7.366183282004626562e+02
7.403014198414648490e+02
7.440029269406720687e+02
7.477229415753753301e+02
7.514615562832520936e+02
7.552188640646683098e+02
7.589949583849916053e+02
7.627899331769165201e+02
7.666038828428009992e+02
7.704369022570149355e+02
7.742890867682999669e+02
7.781605322021414395e+02
7.820513348631520785e+02
7.859615915374677115e+02
7.898913994951549284e+02
7.938408564926305644e+02
7.978100607750936888e+02
8.017991110789690765e+02
8.058081066343638668e+02
8.098371471675355906e+02
8.138863329033731588e+02
8.179557645678899007e+02
8.220455433907292218e+02
8.261557711076827673e+02
8.302865499632210913e+02
8.344379827130370586e+02
8.386101726266022069e+02
8.428032234897351600e+02
8.470172396071837966e+02
8.512523258052195843e+02
8.555085874342455554e+02
8.597861303714166752e+02
8.640850610232736244e+02
8.684054863283898840e+02
8.727475137600317794e+02
8.771112513288318269e+02
8.814968075854759491e+02
8.859042916234031964e+02
8.903338130815201339e+02
8.947854821469276203e+02
8.992594095576621385e+02
9.037557066054503139e+02
9.082744851384774165e+02
9.128158575641697325e+02
9.173799368519904647e+02
9.219668365362502982e+02
9.265766707189314957e+02
9.312095540725260889e+02
9.358656018428886227e+02
9.405449298521029959e+02
9.452476545013633995e+02
9.499738927738701477e+02
9.547237622377393791e+02
9.594973810489279913e+02
9.642948679541725596e+02
9.691163422939433758e+02
9.739619240054130387e+02
9.788317336254400516e+02
9.837258922935671990e+02
9.886445217550349298e+02
9.935877443638099749e+02
9.985556830856289707e+02
1.003548461501056977e+03
1.008566203808562136e+03
1.013609034827604887e+03
1.018677080001742752e+03
1.023770465401751380e+03
1.028889317728760034e+03
1.034033764317403666e+03
1.039203933138990578e+03
1.044399952804685427e+03
1.049621952568708821e+03
1.054870062331552163e+03
1.060144412643209762e+03
1.065445134706425733e+03
1.070772360379957718e+03
1.076126222181857429e+03
1.081506853292766664e+03
1.086914387559230363e+03
1.092348959497026499e+03
1.097810704294511424e+03
1.103299757815983867e+03
1.108816256605063700e+03
1.114360337888088907e+03
1.119932139577529142e+03
1.125531800275416572e+03
1.131159459276793541e+03
1.136815256573177294e+03
1.142499332856043111e+03
1.148211829520323136e+03
1.153952888667924526e+03
1.159722653111263980e+03
1.165521266376820222e+03
1.171348872708704221e+03
1.177205617072247605e+03
1.183091645157608809e+03
1.189007103383396725e+03
1.194952138900313685e+03
1.200926899594815040e+03
1.206931534092788979e+03
1.212966191763252709e+03
1.219031022722068883e+03
1.225126177835679073e+03
1.231251808724857256e+03
1.237408067768481487e+03
1.243595108107323767e+03
1.249813083647860367e+03
1.256062149066099437e+03
1.262342459811429762e+03
1.268654172110486797e+03
1.274997442971039163e+03
1.281372430185894245e+03
1.287779292336823573e+03
1.294218188798507526e+03
1.300689279742499821e+03
1.307192726141212233e+03
1.313728689771918198e+03
1.320297333220777546e+03
1.326898819886881256e+03
1.333533313986315534e+03
1.340200980556247032e+03
1.346901985459028083e+03
1.353636495386323077e+03
1.360404677863254619e+03
1.367206701252570838e+03
1.374042734758833603e+03
1.380912948432627672e+03
1.387817513174790747e+03
1.394756600740664453e+03
1.401730383744367600e+03
1.408739035663089226e+03
1.415782730841404600e+03
1.422861644495611472e+03
1.429975952718089275e+03
1.437125832481679481e+03
1.444311461644087785e+03
1.451533018952308112e+03
1.458790684047069590e+03
1.466084637467304674e+03
1.473415060654641138e+03
1.480782135957914079e+03
1.488186046637703384e+03
1.495626976870891667e+03
1.503105111755246071e+03
1.510620637314022133e+03
1.518173740500591975e+03
1.525764609203094778e+03
1.533393432249109992e+03
1.541060399410355330e+03
1.548765701407407050e+03
1.556509529914443874e+03
1.564292077564015926e+03
1.572113537951835951e+03
1.579974105641594861e+03
1.587873976169802745e+03
1.595813346050651489e+03
1.603792412780904669e+03
1.611811374844809052e+03
1.619870431719032922e+03
1.627969783877627833e+03
1.636109632797015820e+03
1.644290180961000715e+03
1.652511631865805612e+03
1.660774190025134430e+03
1.669078060975259859e+03
1.677423451280136078e+03
1.685810568536536493e+03
1.694239621379218988e+03
1.702710819486114815e+03
1.711224373583545230e+03
1.719780495451462684e+03
1.728379397928719754e+03
1.737021294918363083e+03
1.745706401392954604e+03
1.754434933399919146e+03
1.763207108066918636e+03
1.772023143607253132e+03
1.780883259325289146e+03
1.789787675621915469e+03
1.798736614000024929e+03
1.807730297070024790e+03
1.816768948555374664e+03
1.825852793298151255e+03
1.834982057264641753e+03
1.844156967550964737e+03
1.853377752388719273e+03
1.862644641150662665e+03
1.871957864356415712e+03
1.881317653678197530e+03
1.890724241946588336e+03
1.900177863156321109e+03
1.909678752472102587e+03
1.919227146234462907e+03
1.928823281965635033e+03
1.938467398375463063e+03
1.948159735367340090e+03
1.957900534044176538e+03
1.967690036714397138e+03
1.977528486897968833e+03
1.987416129332458468e+03
1.997353209979120493e+03
2.007339976029015816e+03
2.017376675909160667e+03
2.027463559288706165e+03
2.037600877085149477e+03
2.047788881470575006e+03
2.058027825877927626e+03
2.068317965007317071e+03
2.078659554832353479e+03
2.089052852606514989e+03
2.099498116869547175e+03
2.109995607453894536e+03
2.120545585491163820e+03
2.131148313418619637e+03
2.141804054985712355e+03
2.152513075260640562e+03
2.163275640636943535e+03
2.174092018840127821e+03
2.184962478934328374e+03
2.195887291328999709e+03
2.206866727785644343e+03
2.217901061424572163e+03
2.228990566731694798e+03
2.240135519565353206e+03
2.251336197163179804e+03
2.262592878148995624e+03
2.273905842539740206e+03
2.285275371752438787e+03
2.296701748611200856e+03
2.308185257354256464e+03
2.319726183641027546e+03
2.331324814559232436e+03
2.342981438632028130e+03
2.354696345825188018e+03
2.366469827554313724e+03
2.378302176692085141e+03
2.390193687575545482e+03
2.402144656013423173e+03
2.414155379293490114e+03
2.426226156189957237e+03
2.438357286970906898e+03
2.450549073405761192e+03
2.462801818772789829e+03
2.475115827866653490e+03
2.487491407005986275e+03
2.499928864041015913e+03
2.512428508361220793e+03
2.524990650903026562e+03
2.537615604157541384e+03
2.550303682178328927e+03
2.563055200589220476e+03
2.575870476592166142e+03
2.588749828975126547e+03
2.601693578120001803e+03
2.614702046010601407e+03
2.627775556240654169e+03
2.640914434021857232e+03
2.654119006191966037e+03
2.667389601222925648e+03
2.680726549229039847e+03
2.694130181975184769e+03
2.707600832885060299e+03
2.721138837049485119e+03
2.734744531234732221e+03
2.748418253890905817e+03
2.762160345160360066e+03
2.775971146886161478e+03
2.789851002620591771e+03
2.803800257633694400e+03
2.817819258921862456e+03
2.831908355216471591e+03
2.846067896992553869e+03
2.860298236477516184e+03
2.874599727659903238e+03
2.888972726298202360e+03
2.903417589929692895e+03
2.917934677879341052e+03
2.932524351268737519e+03
2.947186973025080988e+03
2.961922907890206261e+03
2.976732522429656910e+03
2.991616185041804783e+03
3.006574265967013616e+03
3.021607137296848578e+03
3.036715172983332650e+03
3.051898748848248943e+03
3.067158242592489842e+03
3.082494033805452091e+03
3.097906503974479165e+03
3.113396036494351392e+03
3.128963016676822917e+03
3.144607831760206864e+03
3.160330870919007339e+03
3.176132525273601914e+03
3.192013187899969580e+03
3.207973253839469180e+03
3.224013120108666044e+03
3.240133185709209101e+03
3.256333851637754833e+03
3.272615520895943064e+03
3.288978598500422322e+03
3.305423491492923858e+03
3.321950608950387959e+03
3.338560361995139374e+03
3.355253163805114582e+03
3.372029429624139993e+03
3.388889576772260170e+03
3.405834024656121073e+03
3.422863194779401510e+03
3.439977510753298247e+03
3.457177398307064323e+03
3.474463285298599203e+03
3.491835601725091692e+03
3.509294779733716950e+03
3.526841253632385360e+03
3.544475459900546866e+03
3.562197837200049435e+03
3.580008826386049350e+03
3.597908870517979267e+03
3.615898414870568558e+03
3.633977906944920960e+03
3.652147796479644967e+03
3.670408535462042892e+03
3.688760578139352674e+03
3.707204381030049262e+03
3.725740402935199199e+03
3.744369104949874782e+03
3.763090950474623696e+03
3.781906405226996412e+03
3.800815937253130869e+03
3.819820016939396282e+03
3.838919117024092884e+03
3.858113712609213053e+03
3.877404281172258834e+03
3.896791302578119939e+03
3.916275259091009957e+03
3.935856635386464404e+03
3.955535918563396081e+03
3.975313598156212720e+03
3.995190166146993306e+03
4.015166116977728052e+03
4.035241947562616133e+03
4.055418157300428902e+03
4.075695248086930405e+03
4.096073724327364289e+03
4.116554092949000733e+03
4.137136863413745232e+03
4.157822547730813312e+03
4.178611660469467097e+03
4.199504718771813714e+03
4.220502242365671918e+03
4.241604753577499650e+03
4.262812777345387076e+03
4.284126841232113293e+03
4.305547475438273068e+03
4.327075212815463601e+03
4.348710588879540410e+03
4.370454141823937789e+03
4.392306412533056573e+03
4.414267944595721019e+03
4.436339284318699356e+03
4.458520980740292543e+03
4.480813585643993974e+03
4.503217653572213749e+03
4.525733741840073890e+03
4.548362410549273591e+03
4.571104222602019036e+03
4.593959743715028708e+03
4.616929542433603274e+03
4.640014190145770954e+03
4.663214261096499285e+03
4.686530332401981468e+03
4.709962984063990916e+03
4.733512798984310393e+03
4.757180362979231177e+03
4.780966264794126801e+03
4.804871096118096830e+03
4.828895451598687032e+03
4.853039928856679580e+03
4.877305128500962383e+03
4.901691654143466621e+03
4.926200112414183423e+03
4.950831112976254190e+03
4.975585268541134610e+03
5.000463194883839606e+03
5.025465510858258313e+03
5.050592838412549099e+03
5.075845802604610981e+03
5.101225031617633249e+03
5.126731156775720592e+03
5.152364812559598249e+03
5.178126636622395381e+03
5.204017269805506658e+03
5.230037356154533882e+03
5.256187542935305828e+03
5.282468480649981757e+03
5.308880823053231325e+03
5.335425227168497258e+03
5.362102353304338976e+03
5.388912865070859880e+03
5.415857429396213774e+03
5.442936716543194052e+03
5.470151400125909277e+03
5.497502157126537895e+03
5.524989667912170262e+03
5.552614616251730695e+03
5.580377689332988666e+03
5.608279577779652755e+03
5.636320975668550091e+03
5.664502580546892204e+03
5.692825093449626365e+03
5.721289218916874233e+03
5.749895665011457822e+03
5.778645143336514593e+03
5.807538369053196220e+03
5.836576060898461947e+03
5.865758941202953793e+03
5.895087735908968170e+03
5.924563174588512084e+03
5.954185990461453912e+03
5.983956920413760599e+03
6.013876705015828520e+03
6.043946088540907112e+03
6.074165818983610734e+03
6.104536648078527833e+03
6.135059331318920158e+03
6.165734627975513831e+03
6.196563301115390459e+03
6.227546117620966470e+03
6.258683848209070675e+03
6.289977267450115505e+03
6.321427153787365569e+03
6.353034289556301701e+03
6.384799461004082332e+03
6.416723458309102170e+03
6.448807075600647295e+03
6.481051110978650286e+03
6.513456366533542678e+03
6.546023648366209272e+03
6.578753766608039768e+03
6.611647535441079526e+03
6.644705773118284014e+03
6.677929301983875121e+03
6.711318948493793869e+03
6.744875543236262274e+03
6.778599920952442517e+03
6.812492920557204343e+03
6.846555385159989783e+03
6.880788162085788827e+03
6.915192102896216966e+03
6.949768063410697323e+03
6.984516903727750105e+03
7.019439488246388464e+03
7.054536685687619865e+03
7.089809369116057496e+03
7.125258415961637183e+03
7.160884708041444355e+03
7.196689131581651054e+03
7.232672577239558450e+03
7.268835940125755769e+03
7.305180119826383816e+03
7.341706020425514907e+03
7.378414550527641950e+03
7.415306623280279382e+03
7.452383156396679624e+03
7.489645072178662303e+03
7.527093297539554442e+03
7.564728764027251600e+03
7.602552407847387258e+03
7.640565169886623153e+03
7.678767995736055127e+03
7.717161835714734480e+03
7.755747644893307552e+03
7.794526383117773548e+03
7.833499015033361502e+03
7.872666510108527291e+03
7.912029842659068890e+03
7.951589991872363498e+03
7.991347941831724711e+03
8.031304681540882484e+03
8.071461204948585873e+03
8.111818510973327648e+03
8.152377603528193504e+03
8.193139491545833152e+03
8.234105189003561463e+03
8.275275714948578752e+03
8.316652093523320218e+03
8.358235353990936346e+03
8.400026530760889727e+03
8.442026663414693758e+03
8.484236796731765935e+03
8.526657980715423037e+03
8.569291270618999988e+03
8.612137726972094242e+03
8.655198415606953859e+03
8.698474407684987455e+03
8.741966779723410582e+03
8.785676613622026707e+03
8.829604996690135522e+03
8.873753021673584954e+03
8.918121786781952324e+03
8.962712395715861931e+03
9.007525957694440876e+03
9.052563587482911316e+03
9.097826405420324591e+03
9.143315537447424504e+03
9.189032115134659762e+03
9.234977275710332833e+03
9.281152162088883415e+03
9.327557922899326513e+03
9.374195712513821491e+03
9.421066691076390271e+03
9.468172024531771967e+03
9.515512884654430309e+03
9.563090449077701123e+03
9.610905901323088983e+03
9.658960430829703910e+03
9.707255232983850874e+03
9.755791509148768455e+03
9.804570466694511197e+03
9.853593319027982943e+03
9.902861285623121148e+03
9.952375592051235799e+03
1.000213747001149022e+04
1.005214815736154742e+04
1.010240889814835464e+04
1.015292094263909530e+04
1.020368554735229009e+04
1.025470397508905080e+04
1.030597749496449433e+04
1.035750738243931482e+04
1.040929491935151054e+04
1.046134139394826707e+04
1.051364810091800791e+04
1.056621634142259609e+04
1.061904742312970848e+04
1.067214266024535573e+04
1.072550337354658222e+04
1.077913089041431340e+04
1.083302654486638312e+04
1.088719167759071388e+04
1.094162763597866615e+04
1.099633577415855871e+04
1.105131745302935087e+04
1.110657404029449572e+04
1.116210691049596790e+04
1.121791744504844610e+04
1.127400703227368649e+04
1.133037706743505441e+04
1.138702895277222888e+04
1.144396409753608896e+04
1.150118391802376755e+04
1.155868983761388517e+04
1.161648328680195300e+04
1.167456570323596134e+04
1.173293853175213917e+04
1.179160322441089920e+04
1.185056124053295207e+04
1.190981404673561519e+04
1.196936311696929261e+04
1.202920993255413850e+04
1.208935598221690816e+04
1.214980276212799072e+04
1.221055177593862936e+04
1.227160453481832155e+04
1.233296255749241209e+04
1.239462737027987350e+04
1.245660050713127202e+04
1.251888350966692633e+04
1.258147792721525911e+04
1.264438531685133421e+04
1.270760724343559014e+04
1.277114527965276648e+04
1.283500100605102853e+04
1.289917601108128292e+04
1.296367189113668792e+04
1.302849025059236919e+04
1.309363270184533030e+04
1.315910086535455594e+04
1.322489636968132800e+04
1.329102085152973268e+04
1.335747595578738037e+04
1.342426333556631653e+04
1.349138465224414722e+04
1.355884157550536656e+04
1.362663578338289153e+04
1.369476896229980412e+04
1.376324280711130086e+04
1.383205902114685523e+04
1.390121931625258730e+04
1.397072541283384817e+04
1.404057903989801525e+04
1.411078193509750417e+04
1.418133584477298973e+04
1.425224252399685247e+04
1.432350373661683443e+04
1.439512125529991681e+04
1.446709686157641408e+04
1.453943234588429550e+04
1.461212950761371576e+04
1.468519015515178216e+04
1.475861610592754005e+04
1.483240918645717647e+04
1.490657123238946042e+04
1.498110408855140668e+04
1.505600960899416168e+04
1.513128965703913127e+04
1.520694610532432489e+04
1.528298083585094537e+04
1.535939574003019879e+04
1.543619271873034813e+04
1.551337368232399785e+04
1.559094055073561685e+04
1.566889525348929237e+04
1.574723972975673678e+04
1.582597592840551806e+04
1.590510580804754318e+04
1.598463133708777968e+04
1.606455449377321747e+04
1.614487726624208153e+04
1.622560165257329027e+04
1.630672966083615574e+04
1.638826330914033315e+04
1.647020462568603398e+04
1.655255564881446116e+04
1.663531842705853342e+04
1.671849501919382601e+04
1.680208749428979354e+04
1.688609793176124003e+04
1.697052842142004374e+04
1.705538106352714385e+04
1.714065796884477822e+04
1.722636125868900126e+04
1.731249306498244550e+04
1.739905553030735609e+04
1.748605080795889080e+04
1.757348106199868198e+04
1.766134846730867503e+04
1.774965520964521784e+04
1.783840348569344133e+04
1.792759550312190549e+04
1.801723348063751473e+04
1.810731964804069867e+04
1.819785624628089863e+04
1.828884552751230149e+04
1.838028975514986087e+04
1.847219120392560944e+04
1.856455215994523678e+04
1.865737492074496186e+04
1.875066179534868570e+04
1.884441510432542782e+04
1.893863717984705363e+04
1.903333036574628568e+04
1.912849701757501680e+04
1.922413950266288884e+04
1.932026020017620249e+04
1.941686150117708166e+04
1.951394580868296543e+04
1.961151553772637999e+04
1.970957311541500894e+04
1.980812098099208015e+04
1.990716158589703991e+04
2.000669739382652187e+04
2.010673088079565059e+04
2.020726453519962524e+04
2.030830085787561984e+04
2.040984236216499630e+04
2.051189157397581948e+04
2.061445103184569598e+04
2.071752328700492217e+04
2.082111090343994510e+04
2.092521645795714358e+04
2.102984254024692564e+04
2.113499175294815723e+04
2.124066671171289636e+04
2.134687004527145837e+04
2.145360439549781222e+04
2.156087241747530061e+04
2.166867677956267653e+04
2.177702016346048913e+04
2.188590526427778968e+04
2.199533479059917590e+04
2.210531146455217095e+04
2.221583802187492984e+04
2.232691721198430241e+04
2.243855179804422005e+04
2.255074455703443891e+04
2.266349827981960698e+04
2.277681577121870214e+04
2.289069985007479409e+04
2.300515334932516635e+04
2.312017911607179121e+04
2.323578001165214664e+04
2.335195891171040421e+04
2.346871870626895543e+04
2.358606229980029821e+04
2.370399261129929801e+04
2.382251257435579100e+04
2.394162513722756921e+04
2.406133326291370395e+04
2.418163992922826947e+04
2.430254812887440858e+04
2.442406086951877660e+04
2.454618117386636732e+04
2.466891207973569544e+04
2.479225664013437199e+04
2.491621792333503981e+04
2.504079901295171294e+04
2.516600300801646881e+04
2.529183302305654797e+04
2.541829218817182846e+04
2.554538364911268582e+04
2.567311056735824604e+04
2.580147612019503504e+04
2.593048350079600641e+04
2.606013591829998404e+04
2.619043659789148296e+04
2.632138878088093770e+04
2.645299572478533810e+04
2.658526070340926162e+04
2.671818700692630591e+04
2.685177794196093600e+04
2.698603683167073905e+04
2.712096701582909009e+04
2.725657185090823259e+04
2.739285471016277006e+04
2.752981898371357966e+04
2.766746807863214417e+04
2.780580541902530240e+04
2.794483444612042513e+04
2.808455861835102405e+04
2.822498141144277542e+04
2.836610631849998754e+04
2.850793685009248293e+04
2.865047653434294261e+04
2.879372891701465414e+04
2.893769756159972530e+04
2.908238604940771984e+04
2.922779797965475518e+04
2.937393696955302585e+04
2.952080665440078883e+04
2.966841068767278921e+04
2.981675274111115141e+04
2.996583650481670338e+04
3.011566568734078464e+04
3.026624401577748358e+04
3.041757523585636955e+04
3.056966311203564692e+04
3.072251142759582217e+04
3.087612398473379653e+04
3.103050460465746073e+04
3.118565712768074445e+04
3.134158541331914603e+04
3.149829334038573870e+04
3.165578480708766438e+04
3.181406373112310030e+04
3.197313404977871323e+04
3.213299972002760478e+04
3.229366471862774051e+04
3.245513304222087754e+04
3.261740870743197956e+04
3.278049575096913759e+04
3.294439822972397815e+04
3.310912022087259538e+04
3.327466582197695243e+04
3.344103915108683577e+04
3.360824434684226435e+04
3.377628556857647345e+04
3.394516699641934974e+04
3.411489283140144107e+04
3.428546729555844649e+04
3.445689463203623745e+04
3.462917910519641737e+04
3.480232500072239782e+04
3.497633662572600588e+04
3.515121830885462987e+04
3.532697440039889625e+04
3.550360927240088495e+04
3.568112731876288308e+04
3.585953295535669167e+04
3.603883062013347080e+04
3.621902477323413768e+04
3.640011989710030321e+04
3.658212049658579781e+04
3.676503109906872123e+04
3.694885625456405978e+04
3.713360053583687841e+04
3.731926853851605847e+04
3.750586488120863214e+04
3.769339420561466977e+04
3.788186117664274207e+04
3.807127048252594977e+04
3.826162683493857185e+04
3.845293496911325929e+04
3.864519964395881834e+04
3.883842564217860490e+04
3.903261777038949367e+04
3.922778085924143670e+04
3.942391976353764039e+04
3.962103936235532456e+04
3.981914455916709994e+04
4.001824028196292784e+04
4.021833148337274179e+04
4.041942314078960044e+04
4.062152025649354619e+04
4.082462785777600948e+04
4.102875099706488254e+04
4.123389475205020426e+04
4.144006422581044899e+04
4.164726454693949927e+04
4.185550086967419338e+04
4.206477837402255682e+04
4.227510226589266676e+04
4.248647777722212777e+04
4.269891016610823135e+04
4.291240471693877043e+04
4.312696674052345770e+04
4.334260157422607153e+04
4.355931458209719858e+04
4.377711115500768210e+04
4.399599671078271786e+04
4.421597669433662668e+04
4.443705657780830370e+04
4.465924186069733696e+04
4.488253807000081724e+04
4.510695076035081729e+04
4.533248551415256952e+04
4.555914794172332768e+04
4.578694368143194151e+04
4.601587839983909362e+04
4.624595779183828563e+04
4.647718758079747204e+04
4.670957351870145794e+04
4.694312138629495894e+04
4.717783699322643224e+04
4.741372617819256266e+04
4.765079480908351979e+04
4.788904878312893561e+04
4.812849402704457316e+04
4.836913649717978842e+04
4.861098217966568336e+04
4.885403709056400839e+04
4.909830727601682156e+04
4.934379881239689712e+04
4.959051780645887629e+04
4.983847039549116744e+04
5.008766274746861745e+04
5.033810106120595447e+04
5.058979156651197991e+04
5.084274052434453188e+04
5.109695422696624883e+04
5.135243899810107541e+04
5.160920119309157599e+04
5.289943122291885811e+04
5.422191700349182793e+04
5.557746492857911653e+04
5.696690155179359135e+04
5.839107409058842313e+04
5.985085094285312516e+04
6.134712221642444638e+04
6.288080027183505445e+04
6.445282027863092662e+04
6.606414078559669724e+04
6.771574430523661431e+04
6.940863791286751803e+04
7.114385386068919615e+04
7.292245020720642060e+04
7.474551146238658112e+04
7.661414924894623982e+04
7.852950298016988381e+04
8.049274055467412109e+04
8.250505906854096975e+04
8.456768554525448417e+04
8.668187768388583208e+04
8.884892462598296697e+04
9.107014774163253605e+04
9.334690143517333490e+04
9.568057397105265409e+04
9.807258832032895589e+04
1.005244030283371685e+05
1.030375131040455890e+05
1.056134509316467156e+05
1.082537872049378784e+05
1.109601318850613170e+05
1.137341351821878343e+05
1.165774885617425170e+05
1.194919257757860760e+05
1.224792239201807242e+05
1.255412045181852300e+05
1.286797346311398433e+05
1.318967279969183146e+05
1.351941461968412623e+05
1.385739998517622880e+05
1.420383498480563285e+05
1.455893085942577163e+05
1.492290413091141381e+05
1.529597673418419727e+05
1.567837615253880213e+05
1.607033555635226949e+05
1.647209394526107353e+05
1.688389629389259790e+05
1.730599370123991102e+05
1.773864354377090640e+05
1.818210963236517855e+05
1.863666237317430496e+05
1.910257893250366033e+05
1.958014340581625002e+05
2.006964699096165423e+05
2.057138816573569493e+05
2.108567286987908592e+05
2.161281469162606227e+05
2.215313505891671230e+05
2.270696343538962828e+05
2.327463752127436746e+05
2.385650345930622425e+05
2.445291604578887636e+05
2.506423894693359616e+05
2.569084492060693447e+05
2.633311604362210492e+05
2.699144394471265259e+05
2.766623004333046847e+05
2.835788579441373004e+05
2.906683293927407358e+05
2.979350376275592134e+05
3.053834135682481574e+05
3.130179989074543118e+05
3.208434488801406696e+05
3.288645351021441747e+05
3.370861484796977602e+05
3.455133021916901926e+05
3.541511347464824212e+05
3.630049131151444744e+05
3.720800359430230455e+05
3.813820368415985722e+05
3.909165877626385191e+05
4.006895024567044456e+05
4.107067400181220146e+05
4.209744085185750155e+05
4.314987687315393705e+05
4.422862379498278024e+05
4.533433938985734712e+05
4.646769787460377556e+05
4.762939032146886457e+05
4.882012507950558211e+05
5.004062820649321657e+05
5.129164391165554407e+05
5.257393500944692641e+05
5.388828338468309958e+05
5.523549046930017648e+05
5.661637773103268119e+05
5.803178717430849792e+05
5.948258185366620310e+05
6.096964640000785002e+05
6.249388756000803551e+05
6.405623474900822621e+05
6.565764061773342546e+05
6.729908163317675935e+05
6.898155867400617572e+05
7.070609764085632050e+05
7.247375008187772473e+05
7.428559383392466698e+05
7.614273367977277376e+05
7.804630202176708262e+05
7.999745957231125794e+05
8.199739606161903357e+05
8.404733096315950388e+05
8.614851423723847838e+05
8.830222709316943074e+05
9.050978277049865574e+05
9.277252733976111049e+05
9.509184052325512748e+05
9.746913653633649228e+05
9.990586494974489324e+05
1.024035115734885097e+06
1.049635993628257187e+06
1.075876893468963448e+06
1.102773815805687336e+06
1.130343161200829316e+06
1.158601740230849944e+06
1.187566783736621030e+06
1.217255953330036486e+06
1.247687352163287345e+06
1.278879535967369331e+06
1.310851524366553407e+06
1.343622812475717161e+06
1.377213382787609939e+06
1.411643717357299989e+06
1.446934810291232308e+06
1.483108180548513075e+06
1.520185885062225861e+06
1.558190532188781304e+06
1.597145295493500773e+06
1.637073927880838048e+06
1.678000776077858871e+06
1.719950795479805209e+06
1.762949565366800176e+06
1.807023304500970058e+06
1.852198887113494100e+06
1.898503859291331377e+06
1.945966455773614580e+06
1.994615617167954799e+06
2.044481007597153541e+06
2.095593032787082251e+06
2.147982858606758993e+06
2.201682430071927607e+06
2.256724490823725704e+06
2.313142603094318416e+06
2.370971168171676341e+06
2.430245447375968099e+06
2.491001583560367115e+06
2.553276623149375897e+06
2.617108538728110027e+06
2.682536252196312416e+06
2.749599658501219936e+06
2.818339649963750038e+06
2.888798141212843359e+06
2.961018094743164256e+06
3.035043547111743130e+06
3.110919635789536405e+06
3.188692626684274524e+06
3.268409942351381294e+06
3.350120190910165664e+06
3.433873195682919584e+06
3.519720025574992411e+06
3.607713026214366779e+06
3.697905851869725622e+06
3.790353498166468460e+06
3.885112335620630067e+06
3.982240144011145458e+06
4.081796147611423861e+06
4.183841051301708911e+06
4.288437077584250830e+06
4.395648004523856565e+06
4.505539204636952840e+06
4.618177684752875939e+06
4.733632126871697605e+06
4.851972930043489672e+06
4.973272253294576891e+06
5.097604059626940638e+06
5.225044161117613316e+06
5.355670265145553276e+06
5.489562021774191409e+06
5.626801072318545543e+06
5.767471099126508459e+06
5.911657876604670659e+06
6.059449323519786820e+06
6.210935556607780978e+06
6.366208945522975177e+06
6.525364169161048718e+06
6.688498273390074261e+06
6.855710730224825442e+06
7.027103498480445705e+06
7.202781085942456499e+06
7.382850613091017120e+06
7.567421878418291919e+06
7.756607425378748216e+06
7.950522611013215967e+06
8.149285676288546063e+06
8.353017818195759319e+06
8.561843263650652021e+06
8.775889345241917297e+06
8.995286578872963786e+06
9.220168743344787508e+06
9.450672961928406730e+06
9.686939785976616666e+06
9.929113280626030639e+06
1.017734111264168099e+07
1.043177464045772143e+07
1.069256900646916404e+07
1.095988323163089156e+07
1.123388031242166273e+07
1.151472732023220323e+07
1.180259550323800743e+07
1.209766039081895724e+07
1.240010190058943070e+07
1.271010444810416549e+07
1.302785705930676870e+07
1.335355348578943685e+07
1.368739232293417118e+07
1.402957713100752421e+07
1.438031655928271078e+07
1.473982447326477803e+07
1.510832008509639651e+07
1.548602808722380549e+07
1.587317878940439969e+07
1.627000825913950801e+07
1.667675846561799385e+07
1.709367742725844309e+07
1.752101936293990165e+07
1.795904484701339900e+07
1.840802096818873286e+07
1.886822149239344895e+07
1.933992702970328182e+07
1.982342520544586331e+07
2.031901083558200672e+07
2.082698610647155344e+07
2.134766075913333893e+07
2.188135227811167017e+07
2.242838608506445959e+07
2.298909573719106987e+07
2.356382313062084466e+07
2.415291870888636261e+07
2.475674167660851777e+07
2.537566021852372959e+07
2.601005172398681939e+07
2.666030301708648726e+07
2.732681059251364693e+07
2.800998085732648522e+07
2.871023037875964493e+07
2.942798613822863251e+07
3.016368579168434441e+07
3.091777793647645041e+07
3.169072238488835841e+07
3.248299044451056421e+07
3.329506520562332496e+07
3.412744183576390147e+07
3.498062788165799528e+07
3.585514357869943976e+07
3.675152216816692054e+07
3.767031022237109393e+07
3.861206797793036699e+07
3.957736967737862468e+07
4.056680391931308806e+07
4.158097401729591191e+07
4.262049836772830784e+07
4.368601082692151517e+07
4.477816109759455174e+07
4.589761512503441423e+07
4.704505550316026807e+07
4.822118189073926955e+07
4.942671143800774962e+07
5.066237922395794094e+07
5.192893870455688238e+07
5.322716217217080295e+07
5.455784122647506744e+07
5.592178725713694096e+07
5.731983193856535852e+07
5.875282773702948540e+07
6.022164843045521528e+07
6.172718964121659100e+07
6.327036938224700093e+07
6.485212861680316925e+07
6.647343183222324401e+07
6.813526762802882493e+07
6.983864931872953475e+07
7.158461555169776082e+07
7.337423094049020112e+07
7.520858671400244534e+07
7.708880138185249269e+07
7.901602141639879346e+07
8.099142195180875063e+07
8.301620750060395896e+07
8.509161268811905384e+07
8.721890300532202423e+07
8.939937558045506477e+07
9.163435996996642649e+07
9.392521896921557188e+07
9.627334944344595075e+07
9.868018317953209579e+07
1.011471877590203881e+08
