ID_V2.1D ID_V4.1 RA DEC
12870 36257 214.718475 52.798725
13032 36492 214.717133 52.799332
12793 36104 214.725647 52.802547
12528 34966 214.736496 52.806324
12046 33808 214.737595 52.801903
11578 32354 214.74292 52.799957
11491 31562 214.74472 52.799366
11299 31044 214.750214 52.80117
10503 28799 214.756241 52.795929
9995 27585 214.760834 52.79409
10002 27274 214.799622 52.821114
9501 26028 214.804779 52.81995
9296 25520 214.806686 52.819244
7761 21675 214.788116 52.790703
8430 23501 214.819656 52.820381
6136 18891 214.788559 52.775913
6084 17437 214.797073 52.779499
5889 16690 214.806641 52.783836
5984 16730 214.805954 52.783997
5814 16390 214.822281 52.79385
5682 17380 214.821442 52.794327
5761 16121 214.823135 52.79364
5215 14957 214.831543 52.79443
4699 13567 214.83902 52.794365
4530 12918 214.843536 52.795128
4157 11906 214.844681 52.791843
4058 11986 214.854614 52.798565
3590 10471 214.853439 52.792278
3393 10494 214.864258 52.798786
2838 8540 214.866974 52.79324
2450 8061 214.87294 52.794353
1945 6377 214.880341 52.793247
905 3668 214.870163 52.773506
1361 4711 214.89566 52.797283
1446 1538 150.156509 2.19559
3284 3324 150.148407 2.213134
936 1014 150.149673 2.191054
987 1065 150.150848 2.19133
4295 4205 150.139938 2.220212
4677 4557 150.136398 2.225273
1090 1163 150.139297 2.191411
3106 3146 150.132584 2.212095
2335 2672 150.129471 2.207198
5791 5640 150.121109 2.235426
4359 4292 150.120377 2.221267
3117 3185 150.118286 2.210943
1069 1148 150.11557 2.191421
4837 4717 150.10498 2.226233
3623 3626 150.104736 2.215731
5048 4915 150.099625 2.228111
5070 4945 150.099289 2.228042
479 541 150.104385 2.185241
415 487 150.10376 2.185076
2832 2887 150.096954 2.20917
4019 3974 150.092514 2.218426
4555 4446 150.085724 2.223177
418 471 150.088898 2.184963
478 532 150.090637 2.185152
3907 3895 150.079437 2.217153
3692 3666 150.07753 2.216033
73 132 150.083084 2.177869
4611 4497 150.071472 2.223873
2813 2872 150.072418 2.208554
4146 4078 150.06781 2.219435
896 964 150.071609 2.189901
144 208 150.070511 2.180035
171 234 150.071594 2.180136
127 182 150.068787 2.17985
2499 2575 150.061646 2.205388
1681 1740 150.059006 2.197674
1618 1683 150.061142 2.198037
1713 1795 150.057693 2.197425
1679 1769 150.054886 2.198201
10506 10085 150.149536 2.28308
10587 10162 150.148148 2.283239
10668 10232 150.14595 2.283675
10701 10280 150.142288 2.284227
13785 13364 150.138718 2.315308
12574 12057 150.133636 2.30281
12663 12149 150.133118 2.302727
10649 10235 150.128922 2.284115
11243 10783 150.124512 2.289501
10730 10056 150.121368 2.28514
12015 11530 150.119324 2.296854
11612 11137 150.116959 2.293286
13899 13296 150.115097 2.315291
13881 13278 150.115433 2.315231
13985 13701 150.112717 2.319439
13904 13299 150.110306 2.314754
15547 14849 150.10582 2.332544
15673 14968 150.105438 2.332631
13577 12995 150.099686 2.311813
11075 10626 150.095154 2.287788
11055 10613 150.096603 2.287817
11063 10617 150.096008 2.287714
11114 10657 150.095276 2.287907
12081 11597 150.0905 2.297322
11868 11386 150.089111 2.297185
11223 10769 150.084396 2.29049
12226 11723 150.080902 2.298448
12251 11750 150.080551 2.298632
11982 11494 150.073929 2.297983
11171 10719 150.070587 2.28919
11219 10766 150.070892 2.289322
12100 11615 150.068375 2.298372
15286 14596 150.06456 2.329035
10567 10143 150.06163 2.283141
10224 9572 150.060944 2.283665
12104 -9999 150.052429 2.297379
12058 -9999 150.051422 2.297293
2245 2360 150.154388 2.202712
2244 2344 150.153809 2.20257
6282 6095 150.141037 2.239592
6144 5964 150.143173 2.239779
5242 5094 150.140366 2.230186
5252 5107 150.138336 2.230009
4196 4113 150.138 2.220183
959 1045 150.140335 2.190446
3106 3146 150.132584 2.212095
6029 5863 150.123138 2.237553
5053 4930 150.120987 2.228795
3046 3112 150.122498 2.21034
2711 2795 150.120941 2.207236
3121 3226 150.115921 2.21167
1147 1237 150.116653 2.192247
3795 3781 150.103851 2.216188
995 1067 150.105545 2.190542
3710 3706 150.095886 2.216309
1823 1908 150.097336 2.198868
3819 3801 150.088608 2.216259
3675 3949 150.084366 2.218577
5001 4874 150.080063 2.227491
448 484 150.086823 2.185088
4081 3997 150.07782 2.218539
4065 4001 150.07724 2.218594
3156 3182 150.076004 2.211829
670 709 150.077576 2.187707
1529 1607 150.073044 2.196026
1299 1382 150.069748 2.19376
4163 4087 150.059082 2.219008
2665 2786 150.059586 2.207296
405 462 150.060699 2.184177
2357 2465 150.053497 2.204463
9520 21517 189.368612 62.247887
9506 21814 189.37322 62.249738
9239 20924 189.367139 62.244453
9064 20513 189.36594 62.243641
7916 17690 189.390661 62.229181
7428 16429 189.386333 62.222978
6544 14453 189.395099 62.213037
6246 13637 189.388638 62.209409
7189 15771 189.356333 62.219988
6015 13128 189.367045 62.207114
5589 12345 189.362813 62.203018
5398 11835 189.356541 62.200491
5889 13088 189.33356 62.20635
4739 10645 189.348909 62.19494
6287 13958 189.310978 62.2106
5489 12157 189.321486 62.201918
5878 12980 189.306826 62.20612
4741 10596 189.321327 62.194459
4941 10835 189.304981 62.195989
4825 10755 189.303539 62.195544
6459 14283 189.260841 62.212227
4239 9271 189.296643 62.18854
3384 7276 189.305799 62.179056
3449 7652 189.293373 62.180406
4047 9122 189.273563 62.187153
2959 6376 189.27836 62.173118
2963 6442 189.277603 62.172809
2944 6336 189.276575 62.172466
3187 6989 189.262545 62.176183
2794 5954 189.263072 62.170389
2714 5883 189.261312 62.169659
4054 9148 189.215803 62.187448
2182 4750 189.255895 62.161707
11748 28846 189.304564 62.28423
10421 24192 189.346617 62.260673
10862 25688 189.314198 62.267747
9842 22370 189.332888 62.25189
9795 22583 189.337933 62.253775
10297 23869 189.305355 62.258837
10374 24074 189.307953 62.260021
10305 23685 189.304384 62.258594
9372 21279 189.318961 62.246289
9807 22457 189.294494 62.251995
11100 26458 189.239127 62.271706
10127 23344 189.26177 62.256256
-9999 23418 189.264188 62.257323
10166 23339 189.262381 62.256577
10668 25017 189.234635 62.264527
9367 21290 189.26806 62.24618
8482 19082 189.27995 62.23558
8067 17958 189.277659 62.23029
10013 22932 189.216052 62.25437
9766 22299 189.215897 62.251312
9748 22144 189.203552 62.250694
9436 21522 189.203758 62.24751
7979 17530 189.2398 62.228946
8072 17748 189.229765 62.230061
8045 17714 189.229436 62.229753
6459 14283 189.260841 62.212227
7245 16010 189.227983 62.220786
8548 19067 189.181473 62.235831
8043 17709 189.188961 62.229736
8304 18442 189.171059 62.232888
5234 11340 189.226215 62.198642
5476 11911 189.233089 62.201344
7032 15509 189.171995 62.218386
6347 13905 189.173849 62.210796
7195 15976 189.140654 62.220373
27918 41021 53.187368 -27.719188
31880 46168 53.174798 -27.694863
26192 38807 53.181805 -27.72992
29399 42811 53.167996 -27.711349
25802 38116 53.171305 -27.732946
27454 40218 53.161953 -27.722657
27080 39713 53.158777 -27.725004
31417 45531 53.145431 -27.698008
29305 42809 53.145921 -27.710523
32372 46938 53.134558 -27.690656
26101 38584 53.142226 -27.730667
30756 44711 53.12902 -27.70217
26117 38559 53.131352 -27.730795
29068 42363 53.118374 -27.712934
29292 42333 53.121256 -27.712377
30491 44322 53.110658 -27.70385
28008 41181 53.107013 -27.718224
27670 40859 53.110505 -27.717713
24057 35705 53.113001 -27.745551
28464 41748 53.100815 -27.715987
28692 41886 53.09765 -27.715282
28295 41218 53.093567 -27.717725
29179 42705 53.089465 -27.711547
26656 39198 53.091428 -27.727428
29265 42556 53.083138 -27.711987
27645 40679 53.079406 -27.720873
23656 35178 53.084025 -27.748237
22627 33853 53.082539 -27.755253
23763 32352 34.439965 -5.169341
23708 32176 34.434081 -5.169385
20075 27256 34.448085 -5.185372
26090 35270 34.406557 -5.158026
21198 28791 34.427345 -5.179993
20587 27928 34.42319 -5.182924
17937 24412 34.434024 -5.195281
23480 31902 34.397362 -5.170279
20166 27391 34.412133 -5.184343
22249 30198 34.396535 -5.175129
21581 29268 34.397523 -5.178583
20773 28213 34.394762 -5.181501
21175 28712 34.395601 -5.180897
19443 26427 34.398652 -5.187979
16373 22341 34.412924 -5.201294
18871 25642 34.39475 -5.191058
17476 23854 34.398995 -5.196855
14431 19851 34.413385 -5.21042
14153 19954 34.410489 -5.210653
18056 24519 34.384188 -5.193987
12120 16761 34.415634 -5.220016
15921 21834 34.39005 -5.203643
15678 21513 34.385549 -5.205011
14291 19708 34.389054 -5.211504
10000 13877 34.410707 -5.230256
8857 12435 34.41087 -5.234824
12057 16873 34.386297 -5.221214
10049 13932 34.389983 -5.22982
6945 9954 34.397493 -5.24284
7673 10932 34.391128 -5.240724
6055 8735 34.394016 -5.246883
7276 10403 34.379132 -5.24189
8474 11926 34.366957 -5.236786
6187 8928 34.375948 -5.24637
-9999 38426 214.607132 52.729179
-9999 38757 214.606476 52.729462
-9999 38259 214.615601 52.733833
-9999 38207 214.625839 52.740459
-9999 34946 214.61792 52.721279
-9999 37919 214.637207 52.744537
-9999 36978 214.639206 52.743904
-9999 30163 214.624329 52.706696
-9999 31250 214.637787 52.720528
-9999 33158 214.655838 52.738491
-9999 31323 214.657639 52.735439
-9999 28503 214.656204 52.722473
-9999 25896 214.655029 52.711685
-9999 26486 214.664078 52.720539
10360 28756 214.68071 52.741055
-9999 20409 214.673401 52.702564
7895 22162 214.694626 52.725391
6593 19375 214.694702 52.713425
6741 18964 214.695038 52.713398
6927 21112 214.715805 52.735405
6894 20136 214.7229 52.736534
-9999 13890 214.709564 52.703075
-9999 12983 214.720917 52.707054
-9999 10309 214.719772 52.695156
3757 11190 214.742676 52.715569
-9999 6482 214.729172 52.685787
3472 10382 214.753311 52.71994
3009 9183 214.761276 52.720371
1587 5499 214.758865 52.702576
-9999 2567 214.750534 52.683018
-9999 1648 214.75351 52.681458
-9999 1848 214.753006 52.681873
13845 39567 214.846344 52.905159
13931 39897 214.845825 52.905315
12414 34842 214.837723 52.877121
11959 34308 214.843155 52.876778
12005 33801 214.851913 52.883129
11155 30756 214.858231 52.876125
10272 28453 214.854797 52.864052
11016 30650 214.872635 52.885571
9509 28310 214.877991 52.876759
9228 26054 214.880936 52.873665
8855 24851 214.890091 52.874676
9168 25383 214.909225 52.891163
7071 20263 214.899704 52.863457
8606 24447 214.927139 52.899181
8111 22682 214.929733 52.89489
5901 16933 214.915955 52.862019
5111 15221 214.914627 52.853512
4761 13671 214.917007 52.850376
5514 16339 214.938324 52.874329
5618 16026 214.938065 52.874332
6001 17556 214.953293 52.890419
3988 11802 214.936142 52.855892
3851 11516 214.949249 52.863487
3111 9447 214.955353 52.859497
4261 12141 214.979233 52.888409
3411 10386 214.979858 52.880852
2138 6957 214.977997 52.864731
2010 6369 214.980057 52.86417
946 4123 214.977997 52.851265
1402 5041 214.99408 52.867867
1002 3883 214.995148 52.863594
16459 15710 150.145218 2.340251
16580 15840 150.141479 2.341203
11816 11343 150.146881 2.295288
14269 13653 150.14003 2.318056
14532 13894 150.135742 2.321054
12368 11865 150.136932 2.300029
12378 11871 150.133057 2.303255
13444 12902 150.125687 2.312197
12515 12563 150.126434 2.312125
13877 13295 150.121094 2.314884
14209 13599 150.115189 2.318178
14102 13490 150.117722 2.318207
13015 12476 150.115158 2.306881
12609 12093 150.113785 2.302864
13280 12717 150.110031 2.309548
11609 11136 150.109085 2.294313
14379 13739 150.100632 2.320232
14956 14291 150.092941 2.325224
11549 11076 150.096497 2.293017
11278 10815 150.098129 2.29344
11018 10565 150.094238 2.287269
12372 11862 150.085358 2.300797
11223 10769 150.084396 2.29049
12471 11968 150.079056 2.301734
11461 10989 150.077515 2.292315
11982 11494 150.073929 2.297983
13219 12663 150.069366 2.3081
15092 14425 150.063293 2.326248
13717 13074 150.062469 2.3141
14031 13420 150.058884 2.31588
12223 11735 150.055984 2.298817
12248 11744 150.055069 2.298522
12813 -9999 150.051697 2.305828
22641 21722 150.157104 2.40162
26497 25328 150.145966 2.440717
24215 23125 150.147522 2.415328
23999 22929 150.146286 2.414805
24263 23173 150.142654 2.41605
26548 25365 150.133621 2.44174
26730 25534 150.129883 2.44436
26762 25604 150.124649 2.444443
22426 21440 150.128922 2.398084
22306 21324 150.123367 2.39653
23927 22874 150.116821 2.412369
26504 25312 150.108871 2.440676
26108 24933 150.105988 2.436183
25670 24510 150.102081 2.431831
26393 25208 150.096802 2.439336
23397 22393 150.097198 2.407425
24637 23525 150.091049 2.41978
23224 22221 150.090912 2.405532
22392 21413 150.088943 2.399108
22959 21972 150.084671 2.40332
23365 22353 150.081665 2.406698
21298 20360 150.07962 2.386338
21323 20368 150.082016 2.386661
23604 22582 150.071579 2.411124
23330 22285 150.072388 2.411419
21457 20500 150.072784 2.387867
25935 24776 150.058945 2.43446
23977 22939 150.056442 2.413366
24054 22985 150.058716 2.413707
22900 21928 150.05542 2.402404
8288 18550 189.372281 62.232968
6883 15183 189.396233 62.216656
8112 18161 189.363387 62.231349
8299 18633 189.349345 62.233462
6547 14466 189.37785 62.213281
6956 15439 189.357565 62.217933
6976 15359 189.349967 62.217878
6933 15159 189.346725 62.21679
7231 16060 189.327407 62.220864
7286 16232 189.33109 62.222258
7683 17082 189.299282 62.225956
4988 10867 189.345567 62.196346
4377 9797 189.339045 62.192027
4499 10044 189.324228 62.191715
4656 10041 189.327274 62.19272
4569 10109 189.310893 62.192387
4665 10377 189.313461 62.193339
4970 10842 189.29615 62.196164
6459 14283 189.260841 62.212227
4073 9183 189.299374 62.187648
3513 7760 189.300255 62.180805
3675 7974 189.30321 62.181988
3716 8371 189.288583 62.183416
3654 8099 189.282645 62.1827
3254 7138 189.268275 62.177339
3611 8038 189.254411 62.181765
4032 9030 189.236969 62.186791
4414 9913 189.213127 62.191144
3540 7939 189.221287 62.181274
4338 9619 189.189703 62.191064
1645 3441 189.251086 62.152729
3604 8033 189.186907 62.181908
-9999 40738 214.79361 52.874504
-9999 38257 214.778641 52.849659
-9999 36292 214.780212 52.841927
13064 36741 214.794769 52.855259
13155 37143 214.793243 52.85569
-9999 37776 214.811615 52.871239
-9999 37664 214.812408 52.870953
-9999 37033 214.820465 52.874542
-9999 37496 214.81842 52.875412
12205 33958 214.819672 52.861565
11327 31531 214.81752 52.850101
10375 28473 214.810272 52.833057
10259 28149 214.811722 52.832802
10942 30014 214.839127 52.860138
9260 25522 214.816879 52.82634
9643 27039 214.834442 52.843735
10231 28023 214.852432 52.861416
9867 27252 214.855621 52.860031
-9999 24846 214.855392 52.851437
7789 21572 214.845245 52.831299
7598 22678 214.844177 52.83152
7369 20611 214.847107 52.828423
-9999 20784 214.859314 52.837124
-9999 20791 214.858673 52.837181
-9999 19719 214.872437 52.84251
-9999 17632 214.870758 52.833202
5426 15457 214.869247 52.823212
6153 17754 214.898804 52.852562
5231 15171 214.901321 52.844311
3686 10832 214.892136 52.82085
4133 11766 214.921265 52.845795
2564 7986 214.905563 52.817806
1734 6311 214.905762 52.809868
788 3011 214.908524 52.798473
1902 6315 214.944107 52.838139
13828 39483 214.819855 52.884922
-9999 37943 214.818787 52.876854
13539 38310 214.829803 52.886757
13414 38020 214.831619 52.886463
13256 37366 214.838165 52.88892
13184 37086 214.839233 52.888496
13062 36858 214.842865 52.889805
-9999 33768 214.834045 52.870132
-9999 37401 214.863861 52.907097
11297 31441 214.850967 52.873474
-9999 34874 214.875931 52.904675
10369 28659 214.854477 52.864731
9867 27252 214.855621 52.860031
10476 28650 214.869736 52.876202
10222 28038 214.87587 52.878063
10161 27882 214.876816 52.877834
9896 27458 214.8871 52.883053
-9999 28421 214.90477 52.89967
-9999 27429 214.907623 52.899017
-9999 22935 214.901321 52.876553
-9999 23206 214.899826 52.877037
7442 20924 214.903824 52.869339
6153 17754 214.898804 52.852562
6056 17664 214.911118 52.860775
6954 19387 214.933945 52.885677
6179 17213 214.93277 52.876156
5190 14776 214.927719 52.862473
4133 11766 214.921265 52.845795
5148 14818 214.947052 52.876198
4877 16066 214.946106 52.876217
4262 12512 214.951111 52.869099
3661 10970 214.967422 52.874561
2902 9128 214.976212 52.872486
1303 4519 214.966522 52.846729
2040 6500 214.987701 52.870071
18907 18116 150.150299 2.364125
19119 18294 150.146194 2.366298
19036 18206 150.138062 2.364732
19101 18284 150.139664 2.364992
19437 18604 150.132324 2.368933
19470 18633 150.131775 2.368938
19457 18651 150.128052 2.369443
19550 18668 150.129288 2.369574
17482 16594 150.124954 2.350219
17101 16342 150.122528 2.347118
16861 16141 150.120743 2.34444
17292 16527 150.118103 2.347806
20393 19499 150.110092 2.377325
20624 19712 150.106827 2.379728
20331 19439 150.101501 2.376723
19779 18924 150.097305 2.371788
17251 16482 150.097687 2.348159
17312 16545 150.094208 2.348533
17365 -9999 150.09317 2.348355
19717 18859 150.086472 2.371468
19355 18517 150.087433 2.371742
17493 16609 150.088074 2.350293
16494 15776 150.086441 2.340362
16289 15556 150.085388 2.340316
20661 19753 150.07576 2.380644
16387 15656 150.08046 2.339661
20979 20062 150.068481 2.383552
20804 19886 150.066574 2.38119
18569 17762 150.068298 2.360252
20891 19985 150.060349 2.382773
20825 19917 150.054855 2.381469
19471 18672 150.052307 2.369308
15645 14954 150.055328 2.332553
15552 14851 150.05571 2.332765
13357 34851 189.214321 62.323237
13216 34436 189.206127 62.319929
12933 33548 189.210406 62.313253
12950 33579 189.189438 62.313689
12523 32033 189.204558 62.303908
12083 30260 189.226266 62.292244
11961 29743 189.223517 62.290086
12168 30564 189.204078 62.294339
12024 30053 189.197529 62.29133
11745 28805 189.196902 62.284106
12039 30090 189.170172 62.29124
11773 28890 189.178237 62.285173
10895 25773 189.205681 62.267926
10805 25498 189.201972 62.266611
11131 26621 189.179829 62.272322
11252 26798 189.154663 62.274602
11619 28270 189.129825 62.281167
11516 27876 189.123697 62.279249
11382 27366 189.11497 62.276578
10316 23953 189.140289 62.259171
11249 26888 189.094383 62.274943
9776 22235 189.139196 62.251304
9960 22823 189.122649 62.253615
10124 23499 189.095582 62.257407
10125 23173 189.075798 62.255855
9831 22483 189.078712 62.251895
9875 22372 189.079228 62.252193
9969 22904 189.067164 62.253834
7956 17599 189.121464 62.228903
13115 37248 214.802948 52.862297
13196 37115 214.802032 52.862316
11942 33039 214.791473 52.838127
12330 34304 214.8172 52.860832
-9999 33886 214.834763 52.872669
12075 33381 214.839478 52.87376
10862 29690 214.833298 52.854904
9306 25574 214.819473 52.828358
-9999 25622 214.831863 52.838161
9107 25403 214.834183 52.837517
10052 27351 214.858871 52.863686
9394 25664 214.860535 52.85836
7789 21572 214.845245 52.831299
7598 22678 214.844177 52.83152
7369 20611 214.847107 52.828423
-9999 21309 214.862412 52.842922
-9999 20442 214.871231 52.845131
-9999 18508 214.868225 52.835556
5526 15419 214.864517 52.820393
6440 17881 214.894135 52.851681
6506 18438 214.892761 52.852108
5270 14880 214.888687 52.835266
4748 13470 214.897736 52.836182
4499 12933 214.900711 52.83556
3631 10447 214.894348 52.821377
4140 11823 214.915329 52.841618
3697 10965 214.919144 52.84024
2676 8329 214.913208 52.824726
2102 6875 214.918762 52.822136
1868 6237 214.922394 52.821976
2599 7914 214.946365 52.84687
1175 5040 214.937759 52.826511
804 2965 214.935272 52.81749
523 2514 214.939377 52.817368
807 3038 214.951492 52.829151
-9999 1307 214.947769 52.817932
16667 15922 150.152878 2.341792
19885 19014 150.149475 2.372355
19882 19024 150.146973 2.37227
19810 18950 150.1436 2.37163
17704 16923 150.141556 2.351817
19227 18396 150.138885 2.366626
18497 17691 150.136856 2.359277
20207 19342 150.132034 2.375727
21491 20542 150.127151 2.38786
21369 20416 150.122757 2.386497
21112 20171 150.118286 2.383943
20966 20030 150.117432 2.383903
18952 18133 150.115402 2.363473
19876 19013 150.112 2.372633
17158 16392 150.110474 2.346679
19987 19118 150.107193 2.373396
19940 19067 150.105759 2.373216
20637 19728 150.102875 2.379413
16549 15810 150.1008 2.341475
18654 17842 150.096878 2.360803
18639 17831 150.095871 2.360671
19593 18758 150.09433 2.370171
19642 18791 150.09021 2.370597
17493 16609 150.088074 2.350293
19539 18698 150.083145 2.369241
18838 18020 150.079529 2.362509
21113 20172 150.074203 2.384615
18001 17205 150.070602 2.354769
17781 17009 150.066666 2.353475
20565 19670 150.061493 2.378687
21230 20288 150.058166 2.385076
20724 19821 150.055069 2.381142
16115 15392 150.053223 2.336663
27246 26021 150.142929 2.448758
27046 25830 150.144897 2.448857
24028 -9999 150.146011 2.413057
25898 24738 150.138336 2.434114
26263 25084 150.135162 2.437765
25514 24377 150.134583 2.429958
23817 22773 150.13414 2.411121
26762 25604 150.124649 2.444443
24582 23483 150.126984 2.418682
25197 24060 150.121521 2.426185
22306 21324 150.123367 2.39653
25729 24579 150.112122 2.431938
25748 24596 150.112534 2.432061
23593 22576 150.113892 2.40907
23571 22552 150.115311 2.409184
26108 24933 150.105988 2.436183
23496 22482 150.108246 2.408508
23487 22478 150.10788 2.408291
25117 23982 150.101273 2.424743
25116 23985 150.101837 2.424768
25094 23947 150.096375 2.425354
24871 23757 150.094955 2.425172
24909 23784 150.091049 2.422443
23889 22843 150.090363 2.412306
23932 22882 150.090973 2.412331
22980 21984 150.088287 2.402823
24276 23183 150.083176 2.415931
24282 23192 150.082855 2.415826
24984 23857 150.079453 2.423201
23126 22121 150.080276 2.404752
23910 22862 150.073212 2.412554
25018 23895 150.066605 2.423707
23886 22838 150.065353 2.411813
23534 22515 150.062866 2.411828
24777 23663 150.059341 2.421295
24054 22985 150.058716 2.413707
25610 24467 150.052826 2.430518
21230 20288 150.058166 2.385076
21274 20326 150.061005 2.385499
20918 19995 150.05629 2.382179
12618 32526 189.264258 62.305768
12742 32868 189.247162 62.309053
12744 32915 189.246554 62.308584
12132 30461 189.269501 62.293135
12468 -9999 189.234362 62.301576
12563 32275 189.213604 62.304125
12003 30004 189.236822 62.290398
11795 29083 189.230773 62.285374
12309 31173 189.180817 62.297742
12217 30811 189.175842 62.295435
11797 29067 189.188523 62.285387
11615 28202 189.187961 62.281185
11610 28209 189.188385 62.281203
10895 25773 189.205681 62.267926
10946 25916 189.195166 62.268843
10477 24471 189.204276 62.261779
11737 -9999 189.138684 62.283826
11693 28356 189.139421 62.284229
11057 26371 189.148752 62.270942
10612 24682 189.154625 62.26331
11584 -9999 189.105025 62.280335
9442 21256 189.176542 62.246857
10130 23207 189.148048 62.256068
11274 27040 189.096916 62.274825
9960 22823 189.122649 62.253615
8791 19597 189.139578 62.238374
9174 20621 189.107298 62.243385
9742 22065 189.08106 62.25063
13527 38393 214.667068 52.772118
14028 40220 214.700912 52.80476
12907 36205 214.676422 52.768612
12230 34559 214.67395 52.75872
12215 34268 214.696243 52.774147
12064 33827 214.697754 52.773643
11133 31102 214.704453 52.767544
10359 28655 214.692291 52.749123
10571 30074 214.713821 52.768604
10028 27704 214.73024 52.772762
10126 28068 214.745224 52.784622
8458 23458 214.716629 52.74688
8743 24481 214.748901 52.773148
8281 23409 214.759964 52.776943
7735 21561 214.769226 52.776852
6144 18015 214.747971 52.745708
-9999 17542 214.747345 52.745792
5660 16025 214.742767 52.735573
5877 17028 214.762314 52.752842
5502 15485 214.765976 52.750179
5206 15133 214.767624 52.74958
5821 16520 214.794067 52.774124
5180 14635 214.794662 52.767506
5208 15470 214.793381 52.768238
3418 10134 214.764252 52.727024
3101 9444 214.76738 52.725834
3486 10298 214.79303 52.748116
3546 10511 214.79213 52.748497
2587 8103 214.793533 52.738571
2013 6771 214.807846 52.742634
2132 8497 214.803375 52.744366
2168 6784 214.806686 52.742928
959 3634 214.79715 52.72179
912 3658 214.816162 52.735134
760 3126 214.82634 52.740189
-9999 33203 214.906296 52.919186
13254 37316 214.934082 52.956787
12757 35764 214.936829 52.951775
12023 33677 214.941605 52.946331
11720 32546 214.948563 52.947025
11599 31994 214.950424 52.946705
9835 27546 214.940186 52.920666
9429 25768 214.945282 52.918781
9487 25890 214.944992 52.918995
10189 27973 214.965256 52.941223
9416 25817 214.975967 52.940556
6971 19416 214.974152 52.914333
6160 17563 214.974106 52.905994
5943 16687 214.977814 52.905624
7184 20297 215.005875 52.939419
6770 19004 215.0121 52.938923
4192 11946 214.992508 52.896912
5222 14627 215.016922 52.925385
5336 15871 215.030258 52.937485
5535 15446 215.029755 52.937511
3965 11250 215.027878 52.919518
4061 12063 215.02594 52.919952
3013 8903 215.031052 52.911243
1747 5985 215.025574 52.894016
-9999 8907 215.044983 52.919525
-9999 3971 215.03064 52.889416
1760 5805 215.051605 52.912117
1057 4035 215.050583 52.903336
1462 5082 215.062286 52.916348
1753 5957 215.07341 52.927887
822 3094 215.066742 52.910835
433 1940 215.068787 52.907036
241 2277 215.070084 52.906876
261 1472 215.072113 52.906265
13665 38881 214.964752 52.984753
13848 39569 214.96196 52.985729
13579 38478 214.976151 52.991535
12240 33942 214.960037 52.961201
12063 33455 214.977509 52.971672
12169 34320 214.975281 52.972321
12266 33843 214.975952 52.972336
11239 31353 214.970947 52.957741
10664 29650 214.969666 52.949894
11376 31704 215.01091 52.987732
10292 28648 214.998871 52.966385
10139 27708 215.00795 52.970512
8988 25062 215.001678 52.954819
8472 23219 215.002808 52.94976
8984 24648 215.031311 52.975037
7536 20817 215.00914 52.944592
-9999 23289 215.041489 52.977493
-9999 22900 215.04277 52.977112
6672 18635 215.030334 52.950642
-9999 20216 215.058105 52.976856
5796 16427 215.034698 52.944298
6235 17520 215.063553 52.969307
5572 15737 215.067078 52.964634
-9999 15435 215.079147 52.972416
4655 13218 215.070129 52.957001
3995 11284 215.070053 52.949394
3836 11209 215.071274 52.949299
3029 9314 215.06308 52.934887
2190 7432 215.065216 52.928829
2277 6959 215.066818 52.92831
2229 6981 215.073257 52.932491
1646 5510 215.069489 52.923454
1198 4181 215.077499 52.923519
771 2904 215.076385 52.91687
676 2650 215.091156 52.926228
254 1606 215.091446 52.920048
10595 10179 150.149139 2.283485
10587 10162 150.148148 2.283239
9460 9044 150.148773 2.272051
10493 10066 150.144943 2.282394
10076 9677 150.142944 2.278515
7116 6889 150.144882 2.248175
9302 8958 150.137817 2.270638
8173 7883 150.135849 2.259974
9739 9395 150.125702 2.275264
8917 8617 150.122162 2.268101
8382 8067 150.118774 2.2623
8441 8144 150.118881 2.262423
7399 7160 150.118362 2.251725
10021 9638 150.111938 2.277581
6486 6283 150.11528 2.241913
8034 7747 150.110413 2.258615
6257 6079 150.109467 2.240072
8014 7735 150.103333 2.258506
8080 7794 150.102325 2.258422
6085 5912 150.102356 2.238183
6624 6417 150.096024 2.24298
6585 6379 150.095825 2.242874
10760 10314 150.08577 2.285141
8593 8280 150.086502 2.264317
8611 8284 150.084976 2.26406
10397 9973 150.078003 2.281317
10282 9871 150.077835 2.281156
8376 8081 150.078522 2.261902
7193 6963 150.076584 2.249683
10185 9801 150.068665 2.279753
6637 6425 150.072479 2.243767
8494 8188 150.066238 2.263128
7100 6875 150.064896 2.248651
7047 6826 150.062759 2.247732
5614 5462 150.061584 2.233631
5926 5779 150.057693 2.236765
5823 5681 150.055801 2.23611
-9999 34699 189.452742 62.322138
-9999 35924 189.413371 62.33266
13676 35745 189.407875 62.331336
13764 35975 189.392558 62.333478
14005 36582 189.360305 62.340745
13262 34565 189.395353 62.321215
13113 34410 189.397148 62.321633
-9999 32085 189.427197 62.303305
-9999 33079 189.404404 62.309507
-9999 33077 189.391625 62.309686
-9999 32034 189.393417 62.303318
13336 34812 189.333481 62.32304
13090 34002 189.3349 62.317394
12997 33691 189.324531 62.315462
-9999 29851 189.377424 62.29023
-9999 28380 189.378381 62.28194
-9999 29834 189.346795 62.290055
12189 30709 189.32413 62.294761
12246 30995 189.311918 62.296508
11841 29263 189.327803 62.286542
11834 29232 189.32889 62.287188
11806 29095 189.32619 62.285957
-9999 27035 189.345257 62.274355
11689 28599 189.312276 62.283364
11593 28082 189.309681 62.282336
11635 28237 189.30135 62.281951
11654 28406 189.302197 62.282019
11195 26794 189.308967 62.274418
11658 28436 189.275917 62.282135
10539 24623 189.30695 62.262584
11361 27308 189.260881 62.276094
11299 27073 189.259821 62.275279
9637 21887 189.307865 62.24948
-9999 39876 214.783813 52.861526
-9999 37375 214.778046 52.844357
-9999 34888 214.775116 52.833412
12650 35796 214.798874 52.853077
12839 35814 214.79718 52.853458
12237 34027 214.808502 52.853798
12445 34465 214.806229 52.854553
-9999 34749 214.829575 52.870579
-9999 33506 214.832794 52.869553
10555 28910 214.816086 52.839146
-9999 28610 214.816834 52.838997
9519 26162 214.813034 52.826176
10420 28522 214.842621 52.856377
8995 25193 214.830856 52.834274
-9999 25825 214.852615 52.85257
8883 24985 214.861099 52.854733
6821 19338 214.838013 52.816696
6824 19507 214.85083 52.82592
-9999 19530 214.863968 52.835087
-9999 20021 214.874695 52.843822
6754 18753 214.877411 52.842983
6502 18952 214.87825 52.842648
5220 15229 214.865082 52.818462
4819 13761 214.873032 52.819576
5673 15882 214.90242 52.848824
5238 15037 214.90834 52.849304
5038 17329 214.905258 52.850952
3973 11753 214.899628 52.829468
4445 13262 214.917343 52.847309
4353 12972 214.918015 52.847153
1601 6691 214.892166 52.800137
1638 5689 214.907135 52.808918
1594 5642 214.918549 52.816525
726 3112 214.911942 52.80069
434 2058 214.918625 52.800999
21895 20928 150.151428 2.393277
19268 18435 150.148346 2.367413
20210 19325 150.14534 2.375498
20175 19292 150.145676 2.375355
19815 18969 150.142899 2.373258
19972 19098 150.141541 2.373192
20725 19812 150.137039 2.381512
19865 18992 150.134445 2.372638
18601 17797 150.130585 2.361461
18332 17539 150.128113 2.358078
19023 18200 150.124435 2.36429
21401 20449 150.117691 2.38767
20160 19319 150.114258 2.376064
20393 19499 150.110092 2.377325
17323 16547 150.106873 2.348791
17828 17038 150.103043 2.353319
18889 18067 150.099136 2.363505
18423 17641 150.096649 2.359687
18466 17652 150.092529 2.359369
19642 18791 150.09021 2.370597
19582 18742 150.087921 2.370402
18820 17997 150.083923 2.363242
18904 18086 150.083588 2.363366
18127 17364 150.081543 2.35734
17985 17089 150.079407 2.358113
18290 17490 150.079147 2.358047
19555 18695 150.076736 2.370348
17616 16842 150.075043 2.351086
18725 17913 150.071335 2.362909
19215 18392 150.065842 2.367845
19707 18871 150.063004 2.371392
19034 18404 150.064621 2.371228
18898 18064 150.057846 2.363772
18855 18033 150.054611 2.363087
11052 26304 189.311532 62.271332
9887 22535 189.335816 62.252561
10209 23503 189.317191 62.257343
10254 23674 189.30634 62.25803
11361 27308 189.260881 62.276094
9134 20601 189.31599 62.243166
10813 25505 189.261858 62.266997
9469 21507 189.288254 62.247611
9561 21749 189.280023 62.248776
10443 24345 189.244758 62.261225
10644 24825 189.232897 62.263926
10668 25017 189.234635 62.264527
8482 19082 189.27995 62.23558
9617 21938 189.245413 62.249523
8243 18289 189.264967 62.232295
8444 18982 189.239071 62.235546
7376 16484 189.251209 62.223205
9453 21543 189.184791 62.248054
9548 21732 189.186667 62.248717
7404 16351 189.221874 62.222642
8568 19140 189.18366 62.236138
7247 15926 189.202049 62.220634
7704 17204 189.168773 62.226327
6402 14140 189.18383 62.212455
5084 11159 189.205617 62.197399
4953 10939 189.201736 62.196235
6680 14739 189.159268 62.214464
6553 14462 189.155894 62.213145
4338 9619 189.189703 62.191064
4642 10311 189.172571 62.195145
1858 6264 214.822678 52.751492
2752 8674 214.825851 52.763718
3226 9894 214.816818 52.762833
4371 12653 214.815002 52.773411
4525 12834 214.81369 52.773727
4618 13360 214.806686 52.770424
5321 15230 214.796082 52.770241
5683 16970 214.792465 52.772926
5882 16821 214.780243 52.765274
5904 16958 214.779984 52.765476
5799 16267 214.761566 52.750362
5985 17375 214.753723 52.747902
6922 19633 214.754532 52.758453
8174 22552 214.753662 52.770168
9067 25824 214.758301 52.784031
9185 25372 214.750122 52.778118
8077 23617 214.719437 52.746834
10452 28774 214.736755 52.781719
10177 27718 214.739929 52.780472
9592 26886 214.714142 52.757523
10582 29178 214.719681 52.771011
11291 31931 214.720047 52.781284
12162 34377 214.722733 52.79287
11734 32777 214.69223 52.76532
12809 36046 214.704727 52.787674
12055 34089 214.681717 52.762386
12552 35056 214.681961 52.767609
12568 35075 214.681656 52.767632
12540 35062 214.668533 52.757973
13354 38195 214.671616 52.773449
1601 6691 214.892166 52.800137
1991 6499 214.886963 52.798325
1869 7032 214.878754 52.793129
1966 6357 214.879929 52.792831
2450 8061 214.87294 52.794353
2300 8093 214.873474 52.794373
2027 6836 214.859222 52.779411
2639 8470 214.857361 52.78508
2864 8611 214.85556 52.785454
3703 11452 214.861603 52.801212
2531 7984 214.835785 52.768013
2732 8215 214.833939 52.76852
2752 8674 214.825851 52.763718
4699 13567 214.83902 52.794365
4627 13066 214.840576 52.794044
4149 12900 214.821213 52.777809
5941 17555 214.832016 52.804024
6040 18105 214.821381 52.797859
6740 19391 214.815537 52.800068
6721 20038 214.814804 52.800632
5683 16970 214.792465 52.772926
6020 17435 214.788498 52.773182
6945 19864 214.789734 52.78413
7638 21413 214.785004 52.787338
10002 27274 214.799622 52.821114
8065 22224 214.769897 52.780426
8990 25290 214.769318 52.790642
9287 26142 214.764465 52.790504
9379 26049 214.757599 52.785786
10126 28068 214.745224 52.784622
9941 27083 214.748093 52.783825
11674 32680 214.739243 52.798393
12019 33579 214.73114 52.796902
12162 34377 214.722733 52.79287
12708 35483 214.711853 52.791
12608 35131 214.713104 52.790485
757 3075 215.072327 52.914303
740 3080 215.050232 52.898651
1518 5315 215.055115 52.912155
2213 7546 215.047699 52.915318
1904 6657 215.024582 52.895851
3086 9895 215.035584 52.916756
3495 10307 215.031555 52.917664
3417 10170 215.015015 52.905148
3291 9565 214.990997 52.886032
4563 13283 214.991776 52.900703
5793 16569 215.008286 52.926189
5733 16484 215.008957 52.925789
6388 18345 214.999832 52.926872
7076 20070 214.999939 52.934162
6695 18857 214.976898 52.913589
8156 22734 214.993454 52.940445
7975 22344 214.96962 52.921909
8475 23658 214.969299 52.92762
8710 24341 214.963501 52.925251
9595 27047 214.967499 52.937717
9694 27001 214.966919 52.937981
9499 26255 214.969635 52.937126
9410 25925 214.970398 52.936714
9937 27627 214.958969 52.934498
9857 27406 214.945618 52.92429
9974 27539 214.936325 52.918625
10556 28894 214.939529 52.926655
10705 29259 214.928574 52.920689
11803 32670 214.940384 52.942028
12416 34401 214.947357 52.954262
-9999 35262 214.938538 52.950897
12533 34848 214.915543 52.933407
13055 37226 214.913437 52.940388
339 2427 215.108643 52.935024
-9999 3237 215.109055 52.941223
-9999 3478 215.108795 52.941383
-9999 6141 215.121384 52.961422
1168 4428 215.09906 52.93914
-9999 7188 215.102234 52.952763
2268 7131 215.088348 52.943691
2515 7904 215.073029 52.935883
-9999 10734 215.086075 52.958233
-9999 11930 215.078857 52.956783
4482 12824 215.064026 52.950893
5257 14718 215.068558 52.9622
5453 15846 215.064255 52.962112
5628 17297 215.060883 52.963409
4760 14495 215.031906 52.933197
6863 19286 215.054916 52.970276
6590 18728 215.040085 52.957287
6732 18669 215.032501 52.952465
8439 23277 215.020248 52.961926
8535 24299 215.012741 52.958908
8876 24472 215.005173 52.955715
9445 27315 215.000488 52.960194
10673 29234 215.000076 52.971024
11893 33370 215.011215 52.993961
12225 33951 215.00795 52.994896
12031 34257 214.999832 52.988758
-9999 34542 214.996689 52.989948
11796 33196 214.966278 52.961388
12843 36189 214.973419 52.979221
13102 37270 214.968658 52.97987
13800 39367 214.976807 52.995487
-9999 379 215.160446 52.961929
-9999 5130 215.182709 53.001076
-9999 3677 215.164917 52.982517
-9999 5095 215.155197 52.980896
-9999 4805 215.142288 52.972092
-9999 4693 215.143997 52.971531
-9999 9175 215.148651 52.995438
-9999 8786 215.151199 52.99485
-9999 9319 215.132584 52.983654
-9999 9568 215.130127 52.984474
-9999 10004 215.134216 52.98291
-9999 12479 215.138657 53.001099
-9999 10598 215.119186 52.981312
-9999 11056 215.116974 52.981857
-9999 16112 215.135849 53.014606
-9999 14536 215.117783 52.995033
-9999 12414 215.095398 52.971661
-9999 12441 215.095184 52.97184
-9999 13206 215.091278 52.971992
-9999 18407 215.109695 53.005333
-9999 19490 215.106628 53.007835
-9999 20148 215.104477 53.008583
-9999 15451 215.072739 52.967224
-9999 15784 215.072144 52.9674
-9999 22731 215.096466 53.012924
-9999 22612 215.095825 53.013187
-9999 24172 215.09436 53.017799
-9999 20671 215.069717 52.986732
-9999 22370 215.069016 52.992599
-9999 30228 215.095093 53.041779
-9999 27438 215.064407 53.008869
-9999 25975 215.048782 52.992683
-9999 28037 215.04068 52.995338
-9999 29114 215.036911 52.996975
-9999 29045 215.037308 52.996807
-9999 31886 215.04274 53.011524
-9999 33172 215.040161 53.014179
-9999 35054 215.042755 53.023384
-9999 34296 215.026184 53.00872
-9999 36050 215.025116 53.014893
-9999 36180 215.024292 53.015251
12322 34091 215.005859 52.994087
726 3112 214.911942 52.80069
656 2957 214.903152 52.793552
1711 5834 214.905838 52.808853
1601 6691 214.892166 52.800137
1949 6569 214.880539 52.793476
1213 4398 214.870026 52.777245
-9999 4736 214.867661 52.777744
1915 6484 214.852554 52.773556
4356 12873 214.853806 52.801113
-9999 16556 214.857422 52.819649
4138 12311 214.841049 52.789879
3899 11101 214.833954 52.781338
3803 10873 214.835068 52.780979
6581 18318 214.842667 52.816666
5941 17555 214.832016 52.804024
5419 15363 214.818375 52.786484
5204 15082 214.810699 52.779758
7102 20015 214.815277 52.803452
8395 23250 214.81131 52.813618
8659 23781 214.804504 52.81123
7386 20499 214.791916 52.789139
9652 26383 214.799866 52.817867
-9999 25944 214.789841 52.808945
-9999 25242 214.793442 52.808598
8146 23040 214.774445 52.785709
-9999 28710 214.777893 52.810352
-9999 30032 214.776138 52.815502
-9999 32856 214.77684 52.825939
-9999 30596 214.762451 52.807796
-9999 34661 214.764816 52.825226
11565 31977 214.753967 52.807037
11177 30758 214.745865 52.796654
8244 22931 214.890778 52.868767
8855 24851 214.890091 52.874676
6179 17213 214.93277 52.876156
4796 13673 214.956512 52.878551
3904 14439 214.955841 52.877144
6363 17849 214.938965 52.882778
5509 15796 214.95459 52.884792
4793 13827 214.972412 52.890102
6626 18543 214.951584 52.894661
6655 18454 214.951202 52.894314
6181 17450 214.962341 52.897594
10080 27825 214.91069 52.901115
6030 16885 214.971863 52.902275
-9999 28526 214.916214 52.908474
-9999 29585 214.918121 52.913998
-9999 30086 214.918472 52.91431
-9999 34818 214.893326 52.916832
-9999 32803 214.906555 52.918942
11198 31257 214.921738 52.922245
11771 32638 214.918732 52.926453
9848 26963 214.954636 52.92976
13717 39088 214.895523 52.93663
9325 25510 214.973587 52.937733
10224 28537 214.966064 52.942829
10379 28607 214.965973 52.943703
9940 27510 214.975784 52.946255
13159 37096 214.928192 52.951408
13653 38767 214.921768 52.954052
11229 31108 214.970993 52.957397
11334 31317 214.971115 52.958221
11239 31353 214.970947 52.957741
11040 30194 214.986877 52.965721
10167 27629 214.977066 52.948399
13356 37765 214.932495 52.956932
11720 32546 214.948563 52.947025
9068 24680 214.970169 52.9324
13639 38758 214.915558 52.94907
11765 32761 214.931442 52.935574
11820 32589 214.933823 52.937389
12455 34606 214.921951 52.936871
9551 26075 214.949966 52.923222
11705 32124 214.925781 52.930019
13210 37149 214.904846 52.935398
13717 39088 214.895523 52.93663
8522 23286 214.94783 52.911282
-9999 33973 214.905014 52.922478
-9999 34316 214.904327 52.922062
9328 26009 214.931625 52.908741
-9999 35493 214.892151 52.919277
7242 20001 214.945007 52.896172
-9999 28122 214.910919 52.904057
7996 22136 214.928528 52.892487
7621 20923 214.929337 52.888893
8699 24108 214.916336 52.89135
9318 26047 214.905121 52.891621
-9999 34371 214.872543 52.900616
7159 19891 214.916565 52.87532
8071 22525 214.905838 52.877125
7520 20865 214.907043 52.872368
11357 31322 214.866058 52.884312
11167 30847 214.863739 52.880413
11187 30691 214.86438 52.88092
11176 30670 214.864792 52.881081
12974 36524 214.838531 52.885075
1679 1769 150.054886 2.198201
1578 1620 150.053223 2.19811
3884 3865 150.058868 2.217182
3838 3825 150.057526 2.217249
2181 2291 150.064041 2.203295
1633 1544 150.068924 2.196927
694 728 150.073822 2.189373
87 145 150.079727 2.178483
3878 3843 150.079361 2.216961
579 624 150.085342 2.186394
2676 2737 150.086746 2.20686
170 241 150.091064 2.180237
1999 2094 150.095627 2.200727
1641 1742 150.094269 2.20059
2178 2276 150.098145 2.202946
780 851 150.101562 2.189121
4130 4064 150.101562 2.219145
1217 1300 150.105515 2.193502
2114 2207 150.107635 2.202005
2548 2629 150.111465 2.206539
4219 4154 150.11557 2.219992
4359 4292 150.120377 2.221267
2400 2513 150.127121 2.204983
-9999 3077 150.12912 2.210037
2713 2789 150.134583 2.207152
4664 4536 150.13826 2.225018
4719 4598 150.137711 2.224976
1986 2058 150.142761 2.200662
4149 4080 150.146194 2.219571
4227 4153 150.145889 2.219624
1062 1138 150.152435 2.191594
1052 1126 150.151382 2.191562
5277 5132 150.151596 2.230584
7274 7051 150.056732 2.250556
7212 6990 150.056976 2.250709
8270 7983 150.060059 2.262118
9626 9241 150.061752 2.274957
9551 9260 150.062485 2.275149
9698 9368 150.061386 2.275018
8399 8093 150.06459 2.264034
7210 6977 150.069519 2.249986
8472 8164 150.072739 2.263474
9819 9435 150.07576 2.275963
9900 9511 150.074188 2.276043
8703 8381 150.080353 2.265939
8803 8490 150.081619 2.265941
8790 8481 150.085098 2.266183
8302 8013 150.088867 2.261612
5868 5702 150.093597 2.237218
8075 7788 150.100052 2.258597
8033 7767 150.097656 2.258658
5660 5503 150.104645 2.234245
7003 6774 150.107315 2.247725
7075 6849 150.10704 2.247793
6917 6693 150.111877 2.246477
7522 7273 150.114502 2.253601
5895 5795 150.122177 2.237991
5758 5632 150.125504 2.235532
6355 6179 150.129578 2.241192
8750 8442 150.135437 2.265389
8136 7844 150.138062 2.259832
10067 9667 150.139786 2.279638
10192 9745 150.141205 2.279795
6073 5902 150.146729 2.23897
6060 5888 150.14505 2.239188
9077 8749 150.149536 2.269615
25825 24763 150.056702 2.434663
24026 22953 150.064087 2.413386
24787 23673 150.066391 2.421214
24705 23598 150.066849 2.42117
24072 22995 150.071472 2.414533
24316 23223 150.07373 2.41663
24362 23271 150.07431 2.41671
22768 21780 150.078156 2.400998
21739 20774 150.083176 2.391832
23203 22193 150.085419 2.405958
23180 22185 150.088837 2.404913
22479 21492 150.091553 2.399045
22571 21598 150.090851 2.399
22954 21955 150.095352 2.40281
23854 22819 150.096909 2.411817
23847 22804 150.103607 2.411721
24287 23210 150.105194 2.41642
24294 23211 150.104263 2.416407
24428 23334 150.107147 2.418309
26417 25229 150.108414 2.439715
25556 24414 150.112259 2.430289
25153 24020 150.115173 2.425531
25808 24653 150.116455 2.4335
22306 21324 150.123367 2.39653
25868 24713 150.120666 2.433744
25718 24574 150.123245 2.432022
25964 24813 150.126358 2.434763
26730 25534 150.129883 2.44436
26869 25544 150.129456 2.444447
25514 24377 150.134583 2.429958
22242 21256 150.141098 2.396396
25196 24053 150.141144 2.426035
22604 21618 150.148987 2.399808
23041 22044 150.153 2.404349
25825 24763 150.056702 2.434663
25532 24301 150.06041 2.430155
26702 25518 150.063919 2.442616
26747 25515 150.069061 2.443994
29282 27945 150.066772 2.47286
29334 27981 150.066376 2.472945
29825 28440 150.07135 2.479642
27280 26039 150.079651 2.449553
29626 28258 150.07695 2.477324
29673 28304 150.077957 2.477318
27268 26043 150.084198 2.448771
28495 27216 150.083817 2.462857
26634 25443 150.093964 2.44245
29414 28058 150.090866 2.474334
26285 25090 150.100662 2.438548
28380 27120 150.100311 2.462559
26417 25229 150.108414 2.439715
29224 27906 150.105667 2.47183
29042 27738 150.104507 2.471467
30709 29230 150.106033 2.490141
29163 27839 150.115799 2.471609
29538 28175 150.117661 2.475502
30059 28649 150.120193 2.482249
26730 25534 150.129883 2.44436
26869 25544 150.129456 2.444447
29491 28126 150.128952 2.474977
29056 27748 150.132721 2.470349
29062 27745 150.131714 2.470065
28431 27158 150.138153 2.46244
27801 26555 150.141647 2.45471
29967 28565 150.139343 2.481772
29941 28546 150.139618 2.481894
28324 27056 150.147171 2.46068
-9999 29123 150.145157 2.488128
1639 1720 150.199722 2.197021
1245 1331 150.160034 2.193138
2133 2239 150.18335 2.201934
2156 2260 150.164825 2.202266
2701 2781 150.174286 2.207339
3784 3773 150.198151 2.216589
3956 3918 150.197906 2.217291
4252 4178 150.193756 2.22013
4230 4156 150.179321 2.21977
4073 4029 150.152786 2.218739
5091 4962 150.187027 2.228152
5375 5224 150.180023 2.231276
5720 5571 150.191315 2.235879
6069 5901 150.189407 2.238142
5988 5814 150.169128 2.238396
6279 6077 150.168961 2.241183
7043 6817 150.193604 2.247921
6965 6743 150.182983 2.247925
6976 6750 150.163025 2.247491
7829 7561 150.184967 2.255849
8532 8232 150.203644 2.263664
7689 7433 150.147354 2.25441
7677 7417 150.147385 2.254142
8824 8515 150.184479 2.266262
9620 9251 150.202194 2.27327
9642 9294 150.201782 2.274979
8641 8388 150.141998 2.2651
9773 9393 150.163544 2.275086
10530 10121 150.179871 2.283129
9986 9593 150.14064 2.277493
10394 9971 150.143539 2.281797
10591 10169 150.137054 2.283272
5247 5101 150.05777 2.229783
5094 4964 150.060333 2.22822
5080 4946 150.059463 2.227984
7305 7065 150.059952 2.250408
8201 7912 150.061325 2.259976
8323 8038 150.066467 2.261457
8324 8030 150.064743 2.26123
8244 7951 150.06395 2.261152
5516 5372 150.076996 2.23239
6189 6018 150.079361 2.239008
8651 8338 150.079483 2.264529
7214 6983 150.08519 2.249341
9136 8809 150.083405 2.269044
9104 8773 150.084183 2.268966
8593 8280 150.086502 2.264317
6761 6551 150.093048 2.24491
6805 6591 150.093765 2.244948
6375 6202 150.096115 2.240835
10486 10062 150.092041 2.282236
10479 10054 150.094025 2.282295
6261 6075 150.106415 2.239497
9445 9094 150.103058 2.272229
9505 9145 150.102158 2.272103
8861 8454 150.107437 2.266432
7027 6803 150.116089 2.247671
7819 7549 150.120148 2.255581
9174 8878 150.119949 2.269748
9182 8872 150.121918 2.270069
11092 10660 150.12088 2.287923
8846 8540 150.131561 2.266287
8854 8544 150.130417 2.266109
6557 6344 150.138794 2.242446
8674 8363 150.136429 2.264702
8504 8201 150.135727 2.264544
10005 9614 150.135971 2.277397
10998 10550 150.136871 2.286813
10076 9677 150.142944 2.278515
10668 10232 150.14595 2.283675
8215 7958 150.153107 2.260479
11579 11153 150.057068 2.292857
14146 13537 150.059204 2.31702
11457 11003 150.067657 2.292523
10543 10113 150.072479 2.282637
12923 12398 150.070557 2.305163
12444 11939 150.073547 2.30062
12458 11961 150.076523 2.300848
11887 11403 150.083267 2.296227
13927 13323 150.083435 2.314889
10479 10054 150.094025 2.282295
11202 10743 150.096603 2.28913
16254 15532 150.091324 2.338502
13690 13101 150.100464 2.312696
13237 12680 150.104172 2.308049
12218 11716 150.111267 2.298435
15516 14830 150.108902 2.330559
11092 10660 150.12088 2.287923
15697 14993 150.116333 2.332495
14678 14034 150.114746 2.332782
11948 11463 150.127686 2.296289
15510 14831 150.126266 2.331088
13111 12577 150.134354 2.307329
13173 12611 150.138794 2.307211
12046 11559 150.146118 2.297038
13346 12780 150.147049 2.309249
13266 12707 150.149017 2.309264
13166 12615 150.152191 2.307811
13096 12552 150.150528 2.307651
1079 1162 150.176849 2.191617
1786 1870 150.192963 2.198309
2136 2237 150.199707 2.201722
2553 2624 150.203033 2.205385
2727 2809 150.202911 2.207459
2556 2642 150.203125 2.205586
2352 2446 150.170074 2.203538
2543 2647 150.164124 2.205783
2997 3063 150.165588 2.209642
3770 3757 150.170242 2.216125
3766 3754 150.17038 2.215889
4399 4307 150.177094 2.221284
4551 4441 150.165543 2.223037
4872 4740 150.158798 2.226079
6159 5985 150.181732 2.239041
6301 6124 150.181671 2.240005
6468 6268 150.181335 2.241516
6922 6700 150.188843 2.246516
6978 6754 150.175034 2.24719
6976 6750 150.163025 2.247491
7763 7495 150.192184 2.255122
8163 7869 150.193176 2.259666
8215 7958 150.153107 2.260479
9005 8679 150.180939 2.268349
9061 8697 150.16568 2.268176
9027 8703 150.165619 2.267805
8895 8511 150.144363 2.266898
9802 9415 150.178558 2.275298
10119 9712 150.167191 2.278481
10076 9677 150.142944 2.278515
10925 10487 150.167191 2.286382
10819 10378 150.16713 2.285785
11299 10835 150.174423 2.290125
8561 19258 189.091519 62.237637
10043 23073 189.055784 62.25497
9823 22386 189.074038 62.25181
9829 22337 189.073711 62.251753
-9999 20044 189.125343 62.241088
9144 20751 189.127861 62.244281
10312 24033 189.115293 62.259381
-9999 28493 189.086178 62.282662
11268 27246 189.125376 62.276665
10757 25353 189.165578 62.266478
11318 27206 189.159936 62.275342
11097 26401 189.181327 62.273523
10895 25773 189.205681 62.267926
11187 26806 189.204834 62.273652
11936 29464 189.175778 62.2896
11620 28257 189.209469 62.282141
-9999 32846 189.166368 62.309262
12538 32122 189.188211 62.304484
12781 33008 189.18681 62.310538
13016 33775 189.188648 62.315319
-9999 34782 189.18311 62.323505
12979 33707 189.213513 62.315507
-9999 829 189.081074 62.120958
91 328 189.114418 62.111347
567 1363 189.089916 62.130791
265 764 189.122335 62.120873
-9999 129 189.16849 62.106222
767 1678 189.119711 62.135432
925 1994 189.119688 62.138843
548 1319 189.147454 62.130343
608 1437 189.149749 62.131271
2077 4567 189.095512 62.160311
1447 3216 189.124854 62.150345
-9999 633 189.20296 62.116966
913 1975 189.174605 62.138963
371 1081 189.210747 62.126419
2372 5148 189.146521 62.164086
2074 4560 189.165498 62.160224
2604 5657 189.164023 62.168501
2538 5306 189.162718 62.168405
2537 5507 189.173457 62.167296
1927 4209 189.205093 62.1579
-9999 2213 189.244317 62.141187
3665 8014 189.172799 62.182077
4141 9105 189.171917 62.187681
2849 6134 189.217433 62.171477
2406 5176 189.249451 62.164497
4238 9387 189.213601 62.188849
4035 8807 189.227368 62.186286
-9999 4898 189.285415 62.163117
767 1678 189.119711 62.135432
1052 2272 189.099616 62.141722
1163 2548 189.085876 62.144412
1180 2586 189.051037 62.145174
1431 3151 189.050148 62.14998
2090 4603 189.098902 62.160354
2024 4478 189.099424 62.159319
2468 5359 189.130354 62.166122
2238 4854 189.03785 62.162612
2218 4762 189.038016 62.162234
2751 5969 189.074045 62.169778
3119 6814 189.109879 62.175199
2928 6309 189.054696 62.172537
2908 6215 189.028569 62.172619
3250 7144 189.048715 62.17758
3841 8537 189.070073 62.184557
4148 9153 189.073353 62.187799
4231 9215 189.052306 62.188319
4781 10473 189.076537 62.194179
4956 11064 189.049698 62.196586
4214 9883 189.050143 62.194141
5852 12748 189.109797 62.205442
5895 12977 189.076131 62.206163
5827 13006 189.050009 62.206078
6170 13616 189.026364 62.209128
6050 13423 189.026642 62.208062
6620 14641 189.035503 62.213748
7327 16025 189.095768 62.221378
7184 15777 189.048712 62.219905
7200 16110 189.048697 62.221718
7826 17230 189.0431 62.227056
7633 17061 189.044052 62.226208
7466 16418 189.044257 62.22318
-9999 8450 189.389244 62.184625
-9999 11361 189.404945 62.198778
-9999 9815 189.376903 62.191275
-9999 14532 189.422416 62.21423
-9999 15096 189.41907 62.215947
-9999 13840 189.400577 62.210665
6345 14059 189.395756 62.211881
5564 12509 189.362793 62.203518
7419 16316 189.393174 62.222517
7180 15762 189.377947 62.219852
8955 20317 189.403683 62.241386
8041 17877 189.369301 62.230487
6925 15186 189.330838 62.216754
8764 19654 189.371794 62.238241
-9999 22684 189.393309 62.253249
8736 19658 189.349122 62.238069
9553 21845 189.355958 62.248963
10447 24328 189.372522 62.261148
-9999 25142 189.370748 62.265122
-9999 24859 189.372039 62.264107
9244 20856 189.289371 62.244322
9122 20483 189.292193 62.242836
9843 22487 189.300992 62.252187
11126 26557 189.339317 62.27194
9367 21290 189.26806 62.24618
9615 22669 189.267027 62.252791
-9999 28061 189.325918 62.281518
-9999 28090 189.324917 62.281826
-9999 28241 189.326729 62.280789
9864 22548 189.251906 62.252463
10631 24846 189.258127 62.263899
10279 23862 189.261374 62.262117
440 1148 189.093919 62.127455
330 977 189.111236 62.123752
347 983 189.111901 62.124038
287 827 189.124401 62.121178
629 1433 189.113174 62.132477
120 420 189.161101 62.112937
767 1678 189.119711 62.135432
116 402 189.176068 62.112419
113 383 189.177367 62.112795
1287 2826 189.121086 62.146749
-9999 2657 189.11719 62.145119
-9999 593 189.195237 62.115827
-9999 921 189.188433 62.122781
-9999 2919 189.147439 62.147567
517 1287 189.192853 62.129211
383 1060 189.206898 62.127227
-9999 920 189.226698 62.122905
-9999 1178 189.220655 62.128749
928 1998 189.205912 62.138902
957 2071 189.210752 62.139745
-9999 1616 189.227979 62.134714
-9999 1524 189.227762 62.13441
2146 4697 189.179818 62.160913
-9999 5346 189.178658 62.166262
1470 3245 189.238996 62.150067
3145 6748 189.199501 62.175519
1987 4273 189.246824 62.158575
1981 4344 189.247387 62.158714
2091 4592 189.25486 62.160097
3627 8013 189.216699 62.181889
3784 8220 189.220241 62.183434
3895 8646 189.221928 62.185131
3946 8762 189.22454 62.185707
2543 5526 189.27554 62.166689
4068 8877 189.247995 62.186709
2803 6052 189.295273 62.170395
3150 6810 189.186142 62.176091
3236 7075 189.188286 62.17704
2948 6388 189.211376 62.172524
3025 6571 189.213655 62.173679
3328 7346 189.214916 62.17821
2449 5284 189.252485 62.16555
4081 8870 189.223651 62.18674
5327 11641 189.204232 62.199758
4893 10728 189.22893 62.195492
4791 10470 189.22627 62.194275
3039 6588 189.289007 62.173933
5159 11215 189.239137 62.198025
3513 7760 189.300255 62.180805
3535 7856 189.300865 62.18087
5282 11487 189.266607 62.199311
5179 11205 189.264155 62.198148
-9999 8875 189.308242 62.18671
4161 9257 189.312865 62.187856
4701 10170 189.307518 62.19309
4749 10230 189.308742 62.193597
5507 12302 189.309525 62.202363
5610 12172 189.309952 62.202655
6985 15394 189.298321 62.217825
8193 18149 189.280624 62.231494
8121 17934 189.289472 62.230632
7619 16713 189.314255 62.224838
7152 15694 189.338661 62.219516
-9999 15566 189.337946 62.219162
6956 15439 189.357565 62.217933
8974 20041 189.315028 62.240718
8672 19278 189.332303 62.237029
8923 19947 189.352071 62.240085
3901 8780 189.179542 62.185718
4304 9428 189.181407 62.189276
5417 11892 189.171941 62.200843
4695 10183 189.198936 62.193071
7050 15444 189.151204 62.218363
5327 11641 189.204232 62.199758
5096 11096 189.216629 62.197478
6020 13286 189.213845 62.2076
6622 14526 189.207536 62.213568
7038 15437 189.203238 62.218284
-9999 15304 189.202079 62.217652
8854 19848 189.160473 62.23942
8870 20006 189.162248 62.239971
7868 17266 189.219768 62.227535
9410 21333 189.187793 62.246788
9505 21398 189.190244 62.247679
-9999 18128 189.236922 62.231532
8341 18603 189.240868 62.233496
10049 22899 189.194512 62.254762
9581 21772 189.217912 62.249101
10013 22932 189.216052 62.25437
8969 20052 189.261263 62.240536
-9999 19179 189.281566 62.236092
10956 25908 189.214061 62.268992
10878 25629 189.211264 62.267525
9707 21999 189.275539 62.250376
9892 22478 189.277431 62.252539
10533 24459 189.270477 62.262238
11795 29083 189.230773 62.285374
11380 27240 189.263591 62.276401
11854 29315 189.246036 62.287155
5302 11612 189.115674 62.199602
7041 15493 189.094121 62.21838
7327 16025 189.095768 62.221378
5829 12725 189.130474 62.205136
5640 12240 189.138854 62.20305
7715 16886 189.120826 62.225725
7634 16705 189.130039 62.224942
6130 13429 189.164886 62.208471
6112 13564 189.166143 62.208778
8090 17940 189.147867 62.230544
8195 18070 189.151368 62.23152
9960 22823 189.122649 62.253615
9592 21726 189.139611 62.249112
8298 18436 189.170218 62.232874
8023 17667 189.181262 62.229507
10130 23207 189.148048 62.256068
9849 22384 189.161519 62.252029
8853 19818 189.190657 62.239408
7610 16727 189.222605 62.224848
9342 20993 189.200744 62.245436
9385 21092 189.203137 62.24609
-9999 19177 189.223272 62.236173
9269 20729 189.216687 62.244297
8893 19651 189.220356 62.24559
11015 26192 189.192761 62.270169
9306 20899 189.25215 62.244924
10351 23927 189.240986 62.259533
9367 21290 189.26806 62.24618
10166 23339 189.262381 62.256577
10127 23344 189.26177 62.256256
9886 22598 189.275786 62.252722
9610 21713 189.289782 62.249168
11855 29136 189.244056 62.287555
18968 28676 53.130513 -27.779683
15096 22825 53.09403 -27.804122
19791 30274 53.131083 -27.773107
20050 30341 53.130859 -27.772615
19594 29868 53.121107 -27.774615
19804 29869 53.109418 -27.77482
19461 29722 53.098785 -27.775784
19606 29532 53.099151 -27.776095
20633 31070 53.101445 -27.769612
17476 26974 53.0735 -27.786749
16746 26612 53.074028 -27.787466
22077 33036 53.102783 -27.759367
23356 34810 53.107561 -27.750009
23763 35315 53.105676 -27.747695
23311 34733 53.107385 -27.749804
23736 35257 53.10386 -27.74767
23827 35380 53.103694 -27.747482
20948 31531 53.07335 -27.767497
21202 31854 53.071177 -27.76592
21446 32155 53.069937 -27.764288
22178 33248 53.072573 -27.758505
24217 35910 53.072558 -27.744441
24307 36093 53.065221 -27.742901
24436 36266 53.057085 -27.742932
26665 39172 53.072413 -27.727473
-9999 35318 53.040927 -27.74641
25595 37988 53.051881 -27.734035
25028 36705 53.042456 -27.737862
28516 41547 53.064055 -27.716371
26524 39048 53.044284 -27.728197
28694 41695 53.057301 -27.715525
29611 43114 53.062406 -27.706915
28004 40768 53.040821 -27.719068
31154 45188 53.063257 -27.699637
31384 45230 53.062443 -27.698749
